1.675897836685180664e-01,-8.955904841423034668e-01,5.722509622573852539e-01,0.000000000000000000e+00
2.701721191406250000e-01,6.950294971466064453e-02,-6.065925955772399902e-01,0.000000000000000000e+00
-3.505970835685729980e-01,5.435419082641601562e-01,-8.838836550712585449e-01,0.000000000000000000e+00
-3.038450479507446289e-01,3.908623456954956055e-01,-3.794822096824645996e-01,0.000000000000000000e+00
-4.877430796623229980e-01,-6.314961910247802734e-01,2.967650890350341797e-01,0.000000000000000000e+00
2.049338817596435547e-02,-2.907201051712036133e-01,2.490831613540649414e-01,0.000000000000000000e+00
7.619380950927734375e-02,-3.407554030418395996e-01,4.488462209701538086e-01,0.000000000000000000e+00
5.527110099792480469e-01,9.030072689056396484e-01,8.694590330123901367e-01,0.000000000000000000e+00
1.281270980834960938e-01,6.248338222503662109e-01,-2.835603356361389160e-01,0.000000000000000000e+00
-6.517150402069091797e-01,2.694308757781982422e-02,-8.990628719329833984e-01,0.000000000000000000e+00
-8.223982453346252441e-01,4.802361726760864258e-01,-4.016734957695007324e-01,0.000000000000000000e+00
1.940011978149414062e-01,6.409531831741333008e-01,-1.759800314903259277e-01,0.000000000000000000e+00
3.688164949417114258e-01,-4.864756464958190918e-01,-4.618037343025207520e-01,0.000000000000000000e+00
2.674273252487182617e-01,1.372584104537963867e-01,-3.841524720191955566e-01,0.000000000000000000e+00
-9.479873180389404297e-01,-7.104927897453308105e-01,-9.553455114364624023e-01,0.000000000000000000e+00
-5.025988817214965820e-01,2.727569341659545898e-01,7.213811874389648438e-01,0.000000000000000000e+00
5.200223922729492188e-01,-5.920596122741699219e-01,-9.512794613838195801e-01,0.000000000000000000e+00
5.823968648910522461e-01,-9.426427483558654785e-01,-6.615554690361022949e-01,0.000000000000000000e+00
-5.690607428550720215e-01,7.487872838973999023e-01,2.393358945846557617e-01,0.000000000000000000e+00
5.544161796569824219e-01,-4.241484999656677246e-01,-6.402157545089721680e-01,0.000000000000000000e+00
5.232691764831542969e-02,1.926022768020629883e-01,1.887886524200439453e-01,0.000000000000000000e+00
-5.239758491516113281e-01,1.365196704864501953e-02,-3.606825470924377441e-01,0.000000000000000000e+00
-3.286353349685668945e-01,5.331158638000488281e-01,6.343228816986083984e-01,0.000000000000000000e+00
3.843753337860107422e-01,5.748308897018432617e-01,9.669160842895507812e-02,0.000000000000000000e+00
-5.476623773574829102e-01,4.193822145462036133e-01,2.115765810012817383e-01,0.000000000000000000e+00
-3.324509263038635254e-01,5.747160911560058594e-01,-7.676654458045959473e-01,0.000000000000000000e+00
-3.101595640182495117e-01,5.566549301147460938e-02,-9.559234976768493652e-01,0.000000000000000000e+00
3.639830350875854492e-01,-2.526865005493164062e-01,-2.096172571182250977e-01,0.000000000000000000e+00
5.390477180480957031e-02,9.578657150268554688e-01,7.448852062225341797e-02,0.000000000000000000e+00
-4.358453154563903809e-01,8.015481233596801758e-01,5.843291282653808594e-01,0.000000000000000000e+00
-8.481541872024536133e-01,-5.232740640640258789e-01,-5.942386984825134277e-01,0.000000000000000000e+00
8.643997907638549805e-01,-8.777047991752624512e-01,-6.354269981384277344e-01,0.000000000000000000e+00
-6.022366285324096680e-01,3.037801980972290039e-01,4.591207504272460938e-01,0.000000000000000000e+00
5.039443969726562500e-01,-9.715666174888610840e-01,-8.214465379714965820e-01,0.000000000000000000e+00
-2.869391441345214844e-02,-7.526050209999084473e-01,1.786627769470214844e-01,0.000000000000000000e+00
-7.008659839630126953e-01,-3.126353025436401367e-02,9.797898530960083008e-01,0.000000000000000000e+00
7.667926549911499023e-01,3.337972164154052734e-01,-1.631888747215270996e-01,0.000000000000000000e+00
-8.250367641448974609e-01,-6.269980669021606445e-01,-3.488230109214782715e-01,0.000000000000000000e+00
2.248829603195190430e-01,6.370351314544677734e-01,1.400810480117797852e-01,0.000000000000000000e+00
-7.572531700134277344e-03,8.031040430068969727e-01,3.349677324295043945e-01,0.000000000000000000e+00
-6.890172958374023438e-01,-8.766698241233825684e-01,6.751263141632080078e-02,0.000000000000000000e+00
-7.893444299697875977e-01,-1.219805479049682617e-01,-9.173520207405090332e-01,0.000000000000000000e+00
-4.945939183235168457e-01,-4.572513103485107422e-01,7.044911384582519531e-03,0.000000000000000000e+00
5.560535192489624023e-01,-2.788954377174377441e-01,5.243957042694091797e-01,0.000000000000000000e+00
4.829871654510498047e-02,8.767876625061035156e-01,-1.453937888145446777e-01,0.000000000000000000e+00
3.086135387420654297e-01,-2.620484828948974609e-01,9.186121225357055664e-01,0.000000000000000000e+00
3.990638256072998047e-02,7.791744470596313477e-01,-3.532612323760986328e-01,0.000000000000000000e+00
-7.000443935394287109e-01,-3.948993086814880371e-01,-9.869230985641479492e-01,0.000000000000000000e+00
2.030091285705566406e-01,6.261568069458007812e-01,6.761734485626220703e-01,0.000000000000000000e+00
-4.082098007202148438e-01,7.844793796539306641e-01,3.249677419662475586e-01,0.000000000000000000e+00
-3.667989373207092285e-01,-6.661019921302795410e-01,-6.672886610031127930e-01,0.000000000000000000e+00
-1.897307038307189941e-01,-3.881050944328308105e-01,-9.801635146141052246e-01,0.000000000000000000e+00
-7.834321856498718262e-01,3.416408300399780273e-01,2.471028566360473633e-01,0.000000000000000000e+00
-5.525082349777221680e-02,9.783675670623779297e-01,9.538100957870483398e-01,0.000000000000000000e+00
7.081453800201416016e-01,5.195701122283935547e-02,5.899667739868164062e-01,0.000000000000000000e+00
-5.483656525611877441e-01,3.479688167572021484e-01,7.652680873870849609e-01,0.000000000000000000e+00
7.299104928970336914e-01,7.913495302200317383e-01,5.005648136138916016e-01,0.000000000000000000e+00
-5.753675699234008789e-01,-8.669515252113342285e-01,-7.101604938507080078e-01,0.000000000000000000e+00
-8.607664704322814941e-01,3.618586063385009766e-01,3.661029338836669922e-01,0.000000000000000000e+00
1.661872863769531250e-01,-5.120471119880676270e-01,-2.918259501457214355e-01,0.000000000000000000e+00
9.797123670578002930e-01,-5.458002686500549316e-01,3.015195131301879883e-01,0.000000000000000000e+00
7.278096675872802734e-02,-4.617480039596557617e-01,-5.598608255386352539e-01,0.000000000000000000e+00
7.902303934097290039e-01,-3.171827197074890137e-01,-3.891761898994445801e-01,0.000000000000000000e+00
-4.090971350669860840e-01,-9.610829949378967285e-01,2.324279546737670898e-01,0.000000000000000000e+00
-1.984655857086181641e-03,5.756893157958984375e-01,-6.387459039688110352e-01,0.000000000000000000e+00
4.451844692230224609e-01,-1.482086181640625000e-01,-1.323409080505371094e-01,0.000000000000000000e+00
-5.724170804023742676e-01,-4.982874989509582520e-01,6.729121208190917969e-01,0.000000000000000000e+00
2.945873737335205078e-01,1.246732473373413086e-01,4.565855264663696289e-01,0.000000000000000000e+00
-8.799913525581359863e-01,-5.525221824645996094e-01,-1.937747597694396973e-01,0.000000000000000000e+00
-4.452163577079772949e-01,4.065626859664916992e-01,8.024456501007080078e-01,0.000000000000000000e+00
2.905230522155761719e-01,8.435168266296386719e-01,-7.719933986663818359e-03,0.000000000000000000e+00
-8.533352613449096680e-01,8.450806140899658203e-02,6.820117235183715820e-01,0.000000000000000000e+00
-6.264251470565795898e-01,4.342794418334960938e-01,8.376278877258300781e-01,0.000000000000000000e+00
4.347968101501464844e-02,-3.849714994430541992e-01,1.860989332199096680e-01,0.000000000000000000e+00
8.726682662963867188e-01,-3.024370074272155762e-01,7.750657796859741211e-01,0.000000000000000000e+00
-7.284647822380065918e-01,-7.706525325775146484e-01,-9.508029818534851074e-01,0.000000000000000000e+00
2.919757366180419922e-01,-6.079788804054260254e-01,-2.527275085449218750e-01,0.000000000000000000e+00
3.525816202163696289e-01,1.094988584518432617e-01,-2.767974734306335449e-01,0.000000000000000000e+00
3.411326408386230469e-01,-6.496548652648925781e-03,-9.320384263992309570e-01,0.000000000000000000e+00
9.038987159729003906e-01,-2.854693531990051270e-01,9.716638326644897461e-01,0.000000000000000000e+00
-9.346538782119750977e-01,6.630371809005737305e-01,8.702944517135620117e-01,0.000000000000000000e+00
-3.095583319664001465e-01,9.755702018737792969e-01,-4.115312099456787109e-01,0.000000000000000000e+00
6.634079217910766602e-01,-3.335546851158142090e-01,-9.917253851890563965e-01,0.000000000000000000e+00
-5.188148617744445801e-01,5.718017816543579102e-01,-9.954769611358642578e-01,0.000000000000000000e+00
1.096057891845703125e-02,8.281881809234619141e-01,-1.877528429031372070e-01,0.000000000000000000e+00
1.743335723876953125e-01,-2.649286985397338867e-01,7.817507982254028320e-01,0.000000000000000000e+00
-2.169703245162963867e-01,-4.030854105949401855e-01,-9.432333707809448242e-02,0.000000000000000000e+00
-2.177373170852661133e-01,3.364396095275878906e-02,-8.756600022315979004e-01,0.000000000000000000e+00
8.538124561309814453e-01,6.284916400909423828e-02,6.643632650375366211e-01,0.000000000000000000e+00
-5.108120441436767578e-01,-5.474315881729125977e-01,9.660875797271728516e-01,0.000000000000000000e+00
-8.145794272422790527e-01,-8.129088878631591797e-01,-6.773800849914550781e-01,0.000000000000000000e+00
-4.922410845756530762e-01,-4.880536794662475586e-01,-9.444230794906616211e-01,0.000000000000000000e+00
6.399415731430053711e-01,-1.951116323471069336e-02,-5.380923748016357422e-01,0.000000000000000000e+00
9.315547943115234375e-01,-2.105416655540466309e-01,-6.333638429641723633e-01,0.000000000000000000e+00
5.981136560440063477e-01,3.344681262969970703e-01,3.040995597839355469e-01,0.000000000000000000e+00
1.290150880813598633e-01,2.742338180541992188e-01,-6.464865207672119141e-01,0.000000000000000000e+00
5.097500085830688477e-01,-3.301435112953186035e-01,-5.184109807014465332e-01,0.000000000000000000e+00
-2.435367703437805176e-01,-1.412189006805419922e-01,7.201452255249023438e-01,0.000000000000000000e+00
4.824603796005249023e-01,9.614020586013793945e-01,-6.765197515487670898e-01,0.000000000000000000e+00
-6.847352981567382812e-01,5.433008670806884766e-01,-6.096978187561035156e-01,0.000000000000000000e+00
-2.397345900535583496e-01,4.201413393020629883e-01,5.848569869995117188e-01,0.000000000000000000e+00
-8.347682952880859375e-01,-8.254258632659912109e-01,-4.915856122970581055e-01,0.000000000000000000e+00
-9.608474373817443848e-01,1.063536405563354492e-01,4.362117052078247070e-01,0.000000000000000000e+00
-1.013931632041931152e-01,-1.832360029220581055e-01,-4.291956424713134766e-01,0.000000000000000000e+00
3.303822278976440430e-01,7.259790897369384766e-01,-1.190786957740783691e-01,0.000000000000000000e+00
-3.884176015853881836e-01,9.945689439773559570e-01,7.694586515426635742e-01,0.000000000000000000e+00
-8.984750509262084961e-01,-1.844644546508789062e-03,1.526820659637451172e-01,0.000000000000000000e+00
1.412329673767089844e-01,-1.164456605911254883e-01,3.171340227127075195e-01,0.000000000000000000e+00
-1.971364021301269531e-03,-4.644750356674194336e-01,-9.929189085960388184e-01,0.000000000000000000e+00
2.007324695587158203e-01,-9.557904601097106934e-01,-8.856137990951538086e-01,0.000000000000000000e+00
8.345965147018432617e-01,-8.627807497978210449e-01,2.127172946929931641e-01,0.000000000000000000e+00
-6.250262260437011719e-01,-8.442801237106323242e-02,-7.713101506233215332e-01,0.000000000000000000e+00
4.565290212631225586e-01,-1.346711516380310059e-01,-6.344608068466186523e-01,0.000000000000000000e+00
-8.367126584053039551e-01,6.199387311935424805e-01,7.697707414627075195e-01,0.000000000000000000e+00
9.065186977386474609e-02,1.524225473403930664e-01,9.234722852706909180e-01,0.000000000000000000e+00
6.693124771118164062e-01,-2.914518117904663086e-01,8.725607395172119141e-01,0.000000000000000000e+00
4.239200353622436523e-01,8.200627565383911133e-01,2.245664596557617188e-01,0.000000000000000000e+00
3.332583904266357422e-01,-2.468193769454956055e-01,-2.762010097503662109e-01,0.000000000000000000e+00
7.780019044876098633e-01,4.669208526611328125e-01,-7.103773355484008789e-01,0.000000000000000000e+00
-6.219565868377685547e-03,2.447583675384521484e-01,-6.554968357086181641e-01,0.000000000000000000e+00
-3.049061894416809082e-01,3.621118068695068359e-01,8.994256258010864258e-01,0.000000000000000000e+00
-2.983751893043518066e-01,-1.940184831619262695e-02,9.200469255447387695e-01,0.000000000000000000e+00
7.108544111251831055e-01,-5.852438211441040039e-01,-1.724684834480285645e-01,0.000000000000000000e+00
-6.826668977737426758e-01,-3.832472562789916992e-01,-2.885046601295471191e-01,0.000000000000000000e+00
9.470075368881225586e-01,-3.162460327148437500e-01,9.689906835556030273e-01,0.000000000000000000e+00
-9.112771749496459961e-01,-7.451122999191284180e-01,-5.209814310073852539e-01,0.000000000000000000e+00
8.387576341629028320e-01,-3.927327990531921387e-01,-4.880250096321105957e-01,0.000000000000000000e+00
5.424414873123168945e-01,-5.383714437484741211e-01,9.874444007873535156e-01,0.000000000000000000e+00
-7.907058596611022949e-01,7.112530469894409180e-01,2.361309528350830078e-02,0.000000000000000000e+00
9.252537488937377930e-01,-4.874000549316406250e-01,7.807466983795166016e-01,0.000000000000000000e+00
-7.986984848976135254e-01,1.006819009780883789e-01,7.239366769790649414e-01,0.000000000000000000e+00
2.389917373657226562e-01,-7.926437258720397949e-01,-6.781582832336425781e-01,0.000000000000000000e+00
1.058840751647949219e-01,-5.475775003433227539e-01,-1.862903833389282227e-01,0.000000000000000000e+00
-8.311071395874023438e-01,2.303249835968017578e-01,2.179936170578002930e-01,0.000000000000000000e+00
-9.370182156562805176e-01,-8.211852312088012695e-01,1.560872793197631836e-01,0.000000000000000000e+00
-8.952753543853759766e-01,-4.117727279663085938e-03,1.243937015533447266e-02,0.000000000000000000e+00
9.248888492584228516e-02,8.442726135253906250e-01,-7.799582481384277344e-01,0.000000000000000000e+00
-1.862170696258544922e-01,-7.426568269729614258e-01,1.720060110092163086e-01,0.000000000000000000e+00
9.639797210693359375e-01,8.868074417114257812e-01,-5.192140340805053711e-01,0.000000000000000000e+00
8.883870840072631836e-01,4.234199523925781250e-01,-8.417133688926696777e-01,0.000000000000000000e+00
4.596508741378784180e-01,9.747438430786132812e-01,5.099167823791503906e-01,0.000000000000000000e+00
-5.960171818733215332e-01,7.073707580566406250e-01,8.689152002334594727e-01,0.000000000000000000e+00
-7.049900293350219727e-01,-7.149253487586975098e-01,-8.868267536163330078e-01,0.000000000000000000e+00
6.046009063720703125e-02,-1.173198223114013672e-02,-6.498116850852966309e-01,0.000000000000000000e+00
-8.666802644729614258e-01,3.572009801864624023e-01,7.104345560073852539e-01,0.000000000000000000e+00
-9.522067904472351074e-01,6.822863817214965820e-01,7.675995826721191406e-01,0.000000000000000000e+00
2.275910377502441406e-01,-1.608633995056152344e-01,5.980682373046875000e-01,0.000000000000000000e+00
-9.379419088363647461e-01,-6.468449831008911133e-01,2.688614130020141602e-01,0.000000000000000000e+00
4.350016117095947266e-01,7.737666368484497070e-01,-2.036778330802917480e-01,0.000000000000000000e+00
-4.532412886619567871e-01,-8.688262701034545898e-01,-7.428405880928039551e-01,0.000000000000000000e+00
8.318587541580200195e-01,4.589587450027465820e-01,-1.000000000000000000e+00,2.301734983921051025e-01
-1.877233386039733887e-01,-6.556177139282226562e-02,-1.000000000000000000e+00,4.805664718151092529e-01
4.846760034561157227e-01,-8.792525529861450195e-02,-1.000000000000000000e+00,9.208399057388305664e-02
-7.441133260726928711e-02,4.445643424987792969e-01,-1.000000000000000000e+00,4.959259331226348877e-01
8.272777795791625977e-01,5.466837882995605469e-01,-1.000000000000000000e+00,6.963071823120117188e-01
-5.885267257690429688e-01,4.109566211700439453e-01,-1.000000000000000000e+00,5.502567887306213379e-01
-6.357626318931579590e-01,9.252319335937500000e-01,-1.000000000000000000e+00,7.346577644348144531e-01
-2.169925570487976074e-01,-6.387884020805358887e-01,-1.000000000000000000e+00,9.135978221893310547e-01
3.797438144683837891e-01,-7.646752595901489258e-01,-1.000000000000000000e+00,4.554613828659057617e-01
-5.114775896072387695e-01,4.951643943786621094e-01,-1.000000000000000000e+00,9.643880128860473633e-01
9.653946161270141602e-01,-4.690843224525451660e-01,-1.000000000000000000e+00,6.289339661598205566e-01
-6.467421650886535645e-01,1.927006244659423828e-02,-1.000000000000000000e+00,9.748992919921875000e-01
8.802393674850463867e-01,9.355167150497436523e-01,-1.000000000000000000e+00,5.202409029006958008e-01
-2.606326937675476074e-01,-9.442104697227478027e-01,-1.000000000000000000e+00,7.627726346254348755e-02
-2.229336500167846680e-01,-6.355014443397521973e-01,-1.000000000000000000e+00,4.357821345329284668e-01
6.756294965744018555e-01,-4.748041033744812012e-01,-1.000000000000000000e+00,6.256939768791198730e-01
-4.165929555892944336e-01,-3.921926021575927734e-03,-1.000000000000000000e+00,4.091960787773132324e-01
-7.271236181259155273e-01,6.827410459518432617e-01,-1.000000000000000000e+00,7.028002142906188965e-01
-1.480275988578796387e-01,-8.653798699378967285e-01,-1.000000000000000000e+00,5.596423149108886719e-01
5.081657171249389648e-01,-3.638731241226196289e-01,-1.000000000000000000e+00,5.820068717002868652e-01
3.844527006149291992e-01,-1.863616108894348145e-01,-1.000000000000000000e+00,9.442819952964782715e-01
2.186610698699951172e-01,-7.608330249786376953e-02,-1.000000000000000000e+00,4.486995935440063477e-01
-8.272165060043334961e-01,7.141530513763427734e-02,-1.000000000000000000e+00,8.630214929580688477e-01
5.847884416580200195e-01,-6.984990835189819336e-02,-1.000000000000000000e+00,6.968918442726135254e-01
-1.478091478347778320e-01,-8.481037616729736328e-01,-1.000000000000000000e+00,6.011198759078979492e-01
-7.783973217010498047e-02,7.869548797607421875e-01,1.000000000000000000e+00,5.707651972770690918e-01
2.611688375473022461e-01,-8.867304921150207520e-01,1.000000000000000000e+00,3.636949062347412109e-01
-6.753374338150024414e-01,-3.949677944183349609e-01,1.000000000000000000e+00,6.182535886764526367e-01
-2.032595276832580566e-01,8.808284997940063477e-01,1.000000000000000000e+00,4.800883829593658447e-01
4.468349218368530273e-01,-3.793148994445800781e-01,1.000000000000000000e+00,6.663528084754943848e-01
5.292379856109619141e-01,7.800465822219848633e-01,1.000000000000000000e+00,4.279952943325042725e-01
-5.498824119567871094e-01,-9.636665582656860352e-01,1.000000000000000000e+00,7.518677711486816406e-01
9.059107303619384766e-01,-6.101113557815551758e-01,1.000000000000000000e+00,8.405410051345825195e-01
6.285715103149414062e-01,-5.220193862915039062e-01,1.000000000000000000e+00,7.485727071762084961e-01
1.294194459915161133e-01,-6.362309455871582031e-01,1.000000000000000000e+00,6.671171188354492188e-01
3.622999191284179688e-01,6.123781204223632812e-01,1.000000000000000000e+00,7.955167293548583984e-01
1.695446968078613281e-01,1.284285783767700195e-01,1.000000000000000000e+00,3.305878341197967529e-01
-3.376514315605163574e-01,-9.635063409805297852e-01,1.000000000000000000e+00,2.306558042764663696e-01
1.793788671493530273e-01,-7.717903852462768555e-01,1.000000000000000000e+00,7.098920345306396484e-01
-3.309202194213867188e-01,-5.324932336807250977e-01,1.000000000000000000e+00,3.199468925595283508e-02
-4.107643961906433105e-01,6.291675567626953125e-02,1.000000000000000000e+00,5.956765413284301758e-01
-8.911172151565551758e-01,3.400057554244995117e-01,1.000000000000000000e+00,7.687216158956289291e-03
8.636592626571655273e-01,3.007978200912475586e-01,1.000000000000000000e+00,2.279089987277984619e-01
-2.072221040725708008e-01,-7.521587610244750977e-02,1.000000000000000000e+00,7.718417644500732422e-01
2.979491949081420898e-01,-4.867507219314575195e-01,1.000000000000000000e+00,5.881291031837463379e-01
-8.362089991569519043e-01,3.229606151580810547e-02,1.000000000000000000e+00,9.563842415809631348e-01
2.451627254486083984e-01,6.042678356170654297e-01,1.000000000000000000e+00,2.712023258209228516e-02
1.060830354690551758e-01,9.390789270401000977e-01,1.000000000000000000e+00,2.480674982070922852e-01
-7.351613044738769531e-01,4.246373176574707031e-01,1.000000000000000000e+00,7.378488779067993164e-01
1.770472526550292969e-02,-9.244691729545593262e-01,1.000000000000000000e+00,3.765907287597656250e-01
1.054171323776245117e-01,-1.000000000000000000e+00,7.695895433425903320e-01,6.525629013776779175e-02
-8.216822147369384766e-02,-1.000000000000000000e+00,5.656859874725341797e-01,1.127879992127418518e-01
-6.267478466033935547e-01,-1.000000000000000000e+00,-4.539499282836914062e-01,3.391839861869812012e-01
-9.773650169372558594e-01,-1.000000000000000000e+00,-1.601923108100891113e-01,7.021723389625549316e-01
-5.030392408370971680e-01,-1.000000000000000000e+00,-7.936038970947265625e-01,6.907801628112792969e-01
-6.582442522048950195e-01,-1.000000000000000000e+00,-3.971409797668457031e-01,6.392390131950378418e-01
3.525459766387939453e-02,-1.000000000000000000e+00,7.939982414245605469e-01,2.593672573566436768e-01
1.829397678375244141e-02,-1.000000000000000000e+00,-8.469930887222290039e-01,9.985053539276123047e-01
9.086642265319824219e-01,-1.000000000000000000e+00,7.433642148971557617e-01,1.182548850774765015e-01
-5.424013733863830566e-01,-1.000000000000000000e+00,-9.552049040794372559e-01,6.759312748908996582e-01
-3.685880899429321289e-01,-1.000000000000000000e+00,7.513684034347534180e-01,6.696134209632873535e-01
2.880692481994628906e-01,-1.000000000000000000e+00,8.720481395721435547e-02,2.806175351142883301e-01
-4.121157526969909668e-01,-1.000000000000000000e+00,-8.832387924194335938e-01,4.019507169723510742e-01
3.247728347778320312e-01,-1.000000000000000000e+00,8.140096664428710938e-01,8.969148993492126465e-01
-7.533138394355773926e-01,-1.000000000000000000e+00,-7.423844337463378906e-01,4.890890717506408691e-01
8.908668756484985352e-01,-1.000000000000000000e+00,-2.026416063308715820e-01,2.607589960098266602e-01
-9.812922477722167969e-01,-1.000000000000000000e+00,-8.605210781097412109e-01,3.080671839416027069e-02
-1.192445755004882812e-01,-1.000000000000000000e+00,-4.162061214447021484e-01,3.940873146057128906e-01
-8.077265620231628418e-01,-1.000000000000000000e+00,7.968212366104125977e-01,9.183672666549682617e-01
7.937289476394653320e-01,-1.000000000000000000e+00,-4.208439588546752930e-02,8.723933100700378418e-01
-8.400530815124511719e-01,-1.000000000000000000e+00,4.000298976898193359e-01,4.639839529991149902e-01
4.508237838745117188e-01,-1.000000000000000000e+00,-5.404490232467651367e-01,9.470654129981994629e-01
4.552571773529052734e-01,-1.000000000000000000e+00,-9.148766398429870605e-01,7.509924769401550293e-01
-3.725469708442687988e-01,-1.000000000000000000e+00,7.633047103881835938e-01,1.018240675330162048e-01
-6.166769266128540039e-01,-1.000000000000000000e+00,3.866972923278808594e-01,2.457306534051895142e-01
-1.646833419799804688e-01,1.000000000000000000e+00,6.073120832443237305e-01,5.415580868721008301e-01
-5.777147412300109863e-01,1.000000000000000000e+00,-3.637348413467407227e-01,4.706443548202514648e-01
4.619145393371582031e-01,1.000000000000000000e+00,5.343213081359863281e-01,7.736304402351379395e-01
-4.438334703445434570e-01,1.000000000000000000e+00,7.458754777908325195e-01,6.941332817077636719e-01
-1.548159122467041016e-02,1.000000000000000000e+00,2.003326416015625000e-01,6.834067702293395996e-01
-9.157209992408752441e-01,1.000000000000000000e+00,-1.516269445419311523e-01,4.389025568962097168e-01
-8.124318122863769531e-01,1.000000000000000000e+00,-2.781142592430114746e-01,6.933321356773376465e-01
6.861579418182373047e-01,1.000000000000000000e+00,8.647310733795166016e-02,2.033576220273971558e-01
3.143221139907836914e-01,1.000000000000000000e+00,-5.715937614440917969e-01,8.918970227241516113e-01
5.878298282623291016e-01,1.000000000000000000e+00,-8.957719802856445312e-01,3.311960697174072266e-01
9.442092180252075195e-01,1.000000000000000000e+00,-9.647369384765625000e-01,2.281067520380020142e-01
2.690953016281127930e-01,1.000000000000000000e+00,-6.233091354370117188e-01,9.619910120964050293e-01
-9.181303977966308594e-01,1.000000000000000000e+00,1.761624813079833984e-01,6.984637677669525146e-02
2.661666870117187500e-01,1.000000000000000000e+00,3.535977602005004883e-01,4.359948635101318359e-01
2.577414512634277344e-01,1.000000000000000000e+00,9.072449207305908203e-01,2.870410680770874023e-01
7.298364639282226562e-01,1.000000000000000000e+00,-6.813031435012817383e-01,2.319451421499252319e-01
8.855323791503906250e-01,1.000000000000000000e+00,-3.677352666854858398e-01,2.989155948162078857e-01
1.876831054687500000e-02,1.000000000000000000e+00,5.722999572753906250e-01,8.183117508888244629e-01
2.243734598159790039e-01,1.000000000000000000e+00,5.338641405105590820e-01,5.063992738723754883e-01
-4.143625497817993164e-02,1.000000000000000000e+00,8.809340000152587891e-01,5.761312246322631836e-01
2.726004123687744141e-01,1.000000000000000000e+00,4.930087327957153320e-01,4.685865938663482666e-01
-8.289332389831542969e-01,1.000000000000000000e+00,-2.638227939605712891e-01,9.687657356262207031e-01
-3.009804487228393555e-01,1.000000000000000000e+00,4.133974313735961914e-01,9.895883202552795410e-01
-6.498218178749084473e-01,1.000000000000000000e+00,-1.566618680953979492e-01,4.073881208896636963e-01
-4.098343253135681152e-01,1.000000000000000000e+00,-7.100968360900878906e-01,6.267738938331604004e-01
-1.000000000000000000e+00,2.788530588150024414e-01,-6.960877180099487305e-01,2.182863801717758179e-01
-1.000000000000000000e+00,-8.345369100570678711e-01,7.055091857910156250e-02,6.510485410690307617e-01
-1.000000000000000000e+00,-6.386390328407287598e-01,3.057821989059448242e-01,4.509254097938537598e-01
-1.000000000000000000e+00,7.394456863403320312e-02,-7.265583276748657227e-01,7.302179336547851562e-01
-1.000000000000000000e+00,2.791172266006469727e-01,8.616086244583129883e-01,1.070424765348434448e-01
-1.000000000000000000e+00,1.511147022247314453e-01,-9.674298167228698730e-01,3.718418776988983154e-01
-1.000000000000000000e+00,-5.284024477005004883e-01,-1.640369892120361328e-01,4.870591461658477783e-01
-1.000000000000000000e+00,-9.618960022926330566e-01,4.529511928558349609e-02,6.385927796363830566e-01
-1.000000000000000000e+00,-6.543971896171569824e-01,-9.682998657226562500e-01,4.596071317791938782e-03
-1.000000000000000000e+00,4.108239412307739258e-01,7.949190139770507812e-01,7.523013353347778320e-01
-1.000000000000000000e+00,-4.597216844558715820e-02,7.955836057662963867e-01,3.321818709373474121e-01
-1.000000000000000000e+00,-7.705480456352233887e-01,2.098845243453979492e-01,3.259960412979125977e-01
-1.000000000000000000e+00,-1.036638617515563965e-01,-7.885671854019165039e-01,2.886518537998199463e-01
-1.000000000000000000e+00,8.284459114074707031e-01,4.098639488220214844e-01,1.287883222103118896e-01
-1.000000000000000000e+00,5.476955175399780273e-01,-4.186688661575317383e-01,5.444363951683044434e-01
-1.000000000000000000e+00,-4.875500202178955078e-01,5.036000013351440430e-01,7.301578521728515625e-01
-1.000000000000000000e+00,8.098555803298950195e-01,3.608605861663818359e-01,6.533770561218261719e-01
-1.000000000000000000e+00,-3.106225728988647461e-01,3.749505281448364258e-01,6.479543447494506836e-01
-1.000000000000000000e+00,-2.107048034667968750e-02,7.416874170303344727e-01,6.839274168014526367e-01
-1.000000000000000000e+00,8.846776485443115234e-01,-2.113081812858581543e-01,1.073248684406280518e-01
-1.000000000000000000e+00,-5.394545793533325195e-01,8.060059547424316406e-01,1.040867120027542114e-01
-1.000000000000000000e+00,3.537957668304443359e-01,2.474977970123291016e-01,7.350587248802185059e-01
-1.000000000000000000e+00,-2.458655238151550293e-01,-7.747680544853210449e-01,3.432293236255645752e-01
-1.000000000000000000e+00,-8.986246585845947266e-01,-9.932103157043457031e-01,4.731374606490135193e-02
-1.000000000000000000e+00,-7.981734275817871094e-01,3.365591764450073242e-01,5.210189223289489746e-01
1.000000000000000000e+00,2.045296430587768555e-01,5.734479427337646484e-02,2.935560643672943115e-01
1.000000000000000000e+00,-9.997256994247436523e-01,5.270668268203735352e-01,1.170543730258941650e-01
1.000000000000000000e+00,-1.178523302078247070e-01,6.276692152023315430e-01,7.344871759414672852e-01
1.000000000000000000e+00,5.074653625488281250e-01,9.611641168594360352e-01,4.862469732761383057e-01
1.000000000000000000e+00,-5.152270793914794922e-01,7.453447580337524414e-01,3.589957058429718018e-01
1.000000000000000000e+00,-4.269301891326904297e-03,8.371150493621826172e-01,9.600296020507812500e-01
1.000000000000000000e+00,1.659716367721557617e-01,-2.215017676353454590e-01,1.408606320619583130e-01
1.000000000000000000e+00,-7.766456604003906250e-01,8.079420328140258789e-01,8.233555555343627930e-01
1.000000000000000000e+00,4.914526939392089844e-01,-6.127173304557800293e-01,2.741076350212097168e-01
1.000000000000000000e+00,-2.921118140220642090e-01,9.825146198272705078e-02,4.164960682392120361e-01
1.000000000000000000e+00,7.019138336181640625e-02,8.343594074249267578e-01,9.778125882148742676e-01
1.000000000000000000e+00,-6.924346685409545898e-01,9.377183914184570312e-01,5.095027685165405273e-01
1.000000000000000000e+00,-5.646457672119140625e-01,4.685560464859008789e-01,1.878801733255386353e-02
1.000000000000000000e+00,-3.946988582611083984e-01,5.311386585235595703e-01,9.278935790061950684e-01
1.000000000000000000e+00,-6.427834033966064453e-01,-7.059586048126220703e-02,3.400231599807739258e-01
1.000000000000000000e+00,-7.597630023956298828e-01,-3.914157748222351074e-01,7.167299985885620117e-01
1.000000000000000000e+00,3.723415136337280273e-01,-4.893954992294311523e-01,5.521171689033508301e-01
1.000000000000000000e+00,-9.369208216667175293e-01,-7.453479766845703125e-01,5.314745903015136719e-01
1.000000000000000000e+00,-1.261494159698486328e-01,8.620830774307250977e-01,3.011271655559539795e-01
1.000000000000000000e+00,9.734511375427246094e-03,1.410362720489501953e-01,2.003806233406066895e-01
1.000000000000000000e+00,1.846030950546264648e-01,-9.534986615180969238e-01,4.989959597587585449e-01
1.000000000000000000e+00,4.233419895172119141e-01,-5.674362182617187500e-03,9.937780499458312988e-01
1.000000000000000000e+00,-5.509296059608459473e-01,-7.275011539459228516e-01,7.898772954940795898e-01
1.000000000000000000e+00,-5.059388875961303711e-01,7.746051549911499023e-01,9.313272833824157715e-01
1.000000000000000000e+00,6.590247154235839844e-01,6.136658191680908203e-01,1.523026823997497559e-01
-4.208865165710449219e-01,2.195914983749389648e-01,5.482960939407348633e-01,1.678293049335479736e-01
-7.312742471694946289e-01,-8.289372324943542480e-01,-4.801009893417358398e-01,7.223561406135559082e-01
1.381322145462036133e-01,9.810954332351684570e-01,9.095978736877441406e-02,7.321302294731140137e-01
-7.756024003028869629e-01,9.721438884735107422e-01,-6.473671197891235352e-01,8.909075856208801270e-01
-6.828336715698242188e-01,7.238723039627075195e-01,9.459306001663208008e-01,2.682782411575317383e-01
4.360059499740600586e-01,8.057301044464111328e-01,7.724484205245971680e-01,6.977650523185729980e-02
7.564268112182617188e-01,2.109980583190917969e-02,-2.304770946502685547e-01,5.271722674369812012e-01
-1.331140398979187012e-01,4.807609319686889648e-01,5.526127815246582031e-01,8.944185376167297363e-01
2.479176521301269531e-01,-8.505534529685974121e-01,4.396139383316040039e-01,6.990397721529006958e-02
6.481006145477294922e-01,-4.210980534553527832e-01,-7.817423343658447266e-02,8.527090549468994141e-01
-8.533093929290771484e-01,6.976593732833862305e-01,8.065139055252075195e-01,3.562401235103607178e-01
8.650461435317993164e-01,-3.917329311370849609e-01,3.289461135864257812e-03,9.431279897689819336e-01
8.551542758941650391e-01,-5.410493016242980957e-01,1.397405862808227539e-01,6.222366690635681152e-01
4.551581144332885742e-01,6.914577484130859375e-01,-8.340075612068176270e-01,6.732330918312072754e-01
-9.244540333747863770e-01,3.786091804504394531e-01,-9.039180874824523926e-01,5.316069722175598145e-01
9.628046751022338867e-01,8.527157306671142578e-01,3.037420511245727539e-01,9.855300188064575195e-01
4.111117124557495117e-01,-9.478461742401123047e-01,-7.862943410873413086e-02,4.578967690467834473e-01
2.020699977874755859e-01,8.321145772933959961e-01,8.289542198181152344e-01,5.547485351562500000e-01
8.660809993743896484e-01,6.097371578216552734e-01,-6.061402559280395508e-01,4.028836190700531006e-01
7.950168848037719727e-01,-4.049391746520996094e-01,-9.983937144279479980e-01,5.444607138633728027e-02
6.593450307846069336e-01,4.477337598800659180e-01,5.634499788284301758e-01,7.813724875450134277e-02
7.839870452880859375e-02,8.363260030746459961e-01,2.814923524856567383e-01,3.151111006736755371e-01
-8.517962098121643066e-01,9.591937065124511719e-02,3.976435661315917969e-01,6.985138654708862305e-01
3.142867088317871094e-01,-8.111929893493652344e-01,-5.775064826011657715e-01,2.686772048473358154e-01
-6.846797466278076172e-02,-7.648531198501586914e-01,-4.975605010986328125e-01,4.962651133537292480e-01
6.778627634048461914e-01,3.133816719055175781e-01,-9.448758363723754883e-01,1.823994666337966919e-01
-7.612298130989074707e-01,9.158655405044555664e-01,-9.554830193519592285e-01,3.193071112036705017e-02
6.169449090957641602e-01,-4.364919662475585938e-02,-2.770519852638244629e-01,2.486283034086227417e-01
4.217267036437988281e-03,9.132343530654907227e-01,-2.997307777404785156e-01,5.097213983535766602e-01
8.861993551254272461e-01,-2.604928016662597656e-01,-8.149659633636474609e-01,8.923256993293762207e-01
-2.074081897735595703e-01,-8.846734762191772461e-01,-3.683613538742065430e-01,2.251037061214447021e-01
3.595062494277954102e-01,-6.111525297164916992e-01,-9.379745721817016602e-01,4.860721528530120850e-01
-2.181035280227661133e-01,3.857253789901733398e-01,9.586770534515380859e-01,5.716030597686767578e-01
1.105085611343383789e-01,8.895531892776489258e-01,-7.987744808197021484e-01,2.627069950103759766e-01
3.932065963745117188e-01,9.387009143829345703e-01,-3.947038054466247559e-01,7.018165588378906250e-01
7.653521299362182617e-01,-9.547252058982849121e-01,-6.247274875640869141e-01,6.028277873992919922e-01
-3.294636607170104980e-01,8.789777755737304688e-01,-1.485846638679504395e-01,3.661432564258575439e-01
-6.460970640182495117e-01,4.001108407974243164e-01,-9.888831973075866699e-01,4.795466065406799316e-01
-1.023429632186889648e-01,-2.704792618751525879e-01,-4.702954292297363281e-01,8.760641515254974365e-02
-7.272684574127197266e-01,2.316554784774780273e-01,-5.273569822311401367e-01,3.982735276222229004e-01
-2.300494909286499023e-02,1.530277729034423828e-02,-8.565902709960937500e-03,1.536310613155364990e-01
-6.714451313018798828e-01,2.595441341400146484e-01,6.340410709381103516e-01,8.725473284721374512e-01
-8.436779975891113281e-01,-3.172218799591064453e-01,-4.369498491287231445e-01,5.004749894142150879e-01
-3.321641087532043457e-01,2.641913890838623047e-01,-9.801716208457946777e-01,2.941030859947204590e-01
-6.476563811302185059e-01,-4.113320708274841309e-01,-7.926851511001586914e-01,1.505257934331893921e-01
-8.968776464462280273e-01,6.338225603103637695e-01,2.244246006011962891e-02,7.757793068885803223e-01
-5.682426691055297852e-01,-7.233665585517883301e-01,-7.011504173278808594e-01,8.296610116958618164e-01
1.591054201126098633e-01,1.664457321166992188e-01,1.569414138793945312e-02,4.194014519453048706e-02
6.458479166030883789e-01,-1.077329516410827637e-01,-4.587332010269165039e-01,6.927825212478637695e-01
-4.256821274757385254e-01,-2.553722262382507324e-01,-1.406695842742919922e-01,3.613924980163574219e-01
7.078694105148315430e-01,-7.820482850074768066e-01,8.795706033706665039e-01,1.451064795255661011e-01
-6.704435944557189941e-01,5.240492820739746094e-01,5.970405340194702148e-01,6.025628447532653809e-01
-1.514039635658264160e-01,3.880934715270996094e-01,-8.077220916748046875e-01,1.799399852752685547e-01
4.449877738952636719e-01,-6.781840324401855469e-02,-4.658858180046081543e-01,9.463019371032714844e-01
9.091799259185791016e-01,-4.331411123275756836e-01,3.745119571685791016e-01,4.133723676204681396e-01
1.443328857421875000e-01,9.195127487182617188e-01,-3.011366128921508789e-01,6.711096167564392090e-01
7.362633943557739258e-01,9.373673200607299805e-01,-8.300739526748657227e-02,4.056357741355895996e-01
-2.642393112182617188e-02,-8.939508199691772461e-01,-9.917090535163879395e-01,2.928705140948295593e-02
-6.769686937332153320e-02,9.835209846496582031e-01,3.714597225189208984e-02,7.026770114898681641e-01
-2.760130167007446289e-02,-5.764216184616088867e-01,-7.782421112060546875e-01,7.165989875793457031e-01
-8.751963376998901367e-01,-3.629012703895568848e-01,7.387515306472778320e-01,8.656403422355651855e-02
-7.986065149307250977e-01,-1.098483800888061523e-02,8.255559206008911133e-01,2.017338275909423828e-01
-7.950986623764038086e-01,2.996110916137695312e-02,5.466129779815673828e-01,9.211609959602355957e-01
-2.770872116088867188e-01,-6.522599458694458008e-01,-4.904575347900390625e-01,8.461747765541076660e-01
1.274609565734863281e-02,-5.666025876998901367e-01,-2.958436608314514160e-01,4.701328277587890625e-01
1.065239906311035156e-01,-5.149229168891906738e-01,2.353500127792358398e-01,7.966496348381042480e-01
6.705083847045898438e-01,1.571059226989746094e-03,7.067790031433105469e-01,3.512622117996215820e-01
9.171156883239746094e-01,-9.774967432022094727e-01,6.053661108016967773e-01,2.655941247940063477e-01
4.297035932540893555e-01,2.656173706054687500e-01,5.554146766662597656e-01,3.528295457363128662e-01
-3.214367628097534180e-01,-7.945840358734130859e-01,-5.344748497009277344e-01,5.111176967620849609e-01
-5.855903625488281250e-01,3.897604942321777344e-01,6.755210161209106445e-01,5.552265644073486328e-01
-3.019073009490966797e-01,-7.519980669021606445e-01,-1.351818442344665527e-01,2.254916727542877197e-02
-5.295294523239135742e-01,-8.770725727081298828e-01,6.342386007308959961e-01,4.172624945640563965e-01
1.231479644775390625e-01,-1.064376831054687500e-01,-8.684124946594238281e-01,2.361362129449844360e-01
-5.911819934844970703e-01,4.337416887283325195e-01,-4.503774642944335938e-01,9.645133614540100098e-01
4.732966423034667969e-01,2.520430088043212891e-02,3.248506784439086914e-01,3.343776464462280273e-01
-2.059963345527648926e-01,-5.987246036529541016e-01,-8.975630998611450195e-01,4.791125357151031494e-01
7.185206413269042969e-01,-2.221876978874206543e-01,-5.410226583480834961e-01,3.278543949127197266e-01
7.426128387451171875e-01,9.039421081542968750e-01,7.248842716217041016e-01,3.767334297299385071e-02
-1.889437437057495117e-01,8.108340501785278320e-01,-1.300743222236633301e-01,8.824595808982849121e-02
1.394252777099609375e-01,-3.498377799987792969e-01,-9.927471876144409180e-01,1.262090448290109634e-02
-8.987540006637573242e-01,5.273723602294921875e-02,-6.813771128654479980e-01,2.141560167074203491e-01
2.062828540802001953e-01,5.602225065231323242e-01,8.400511741638183594e-01,2.799423336982727051e-01
-7.171031236648559570e-01,7.440133094787597656e-01,-9.984493255615234375e-02,1.253389716148376465e-01
2.948681116104125977e-01,3.932008743286132812e-01,9.832425117492675781e-01,8.771514892578125000e-01
7.223840951919555664e-01,4.623146057128906250e-01,-6.191409230232238770e-01,7.067462801933288574e-01
-8.679003715515136719e-01,-9.189529418945312500e-01,-8.695151209831237793e-01,3.855898976325988770e-01
7.988150119781494141e-01,-9.619659185409545898e-02,-9.568495750427246094e-01,3.908137679100036621e-01
3.088001012802124023e-01,-5.131361484527587891e-01,2.848486900329589844e-01,4.593162536621093750e-01
1.805474758148193359e-01,4.052394628524780273e-01,5.130913257598876953e-01,9.734727144241333008e-01
3.890612125396728516e-01,2.284482717514038086e-01,-7.188564538955688477e-01,1.026884019374847412e-01
3.040093183517456055e-01,-4.008558988571166992e-01,4.732964038848876953e-01,4.666241407394409180e-01
2.283893823623657227e-01,-6.222971677780151367e-01,-7.745842337608337402e-01,8.151660561561584473e-01
3.230028152465820312e-01,1.211766004562377930e-01,-6.427967548370361328e-01,7.527739405632019043e-01
7.901098728179931641e-01,-4.350870847702026367e-01,5.020911693572998047e-01,5.823860317468643188e-02
-3.422081470489501953e-02,-7.797880172729492188e-01,-8.216520547866821289e-01,6.417396664619445801e-01
-5.409729480743408203e-02,-3.598035573959350586e-01,-4.540706872940063477e-01,7.788378000259399414e-01
-5.820561647415161133e-01,6.747326850891113281e-01,-9.876511693000793457e-01,4.805924892425537109e-01
8.704940080642700195e-01,-9.697139859199523926e-01,2.523372173309326172e-01,5.533415675163269043e-01
6.615535020828247070e-01,-4.701980948448181152e-01,3.731596469879150391e-01,5.823376178741455078e-01
3.861670494079589844e-01,2.843600511550903320e-01,6.456303596496582031e-01,9.030154347419738770e-01
-5.103302001953125000e-01,-2.293613553047180176e-01,-3.125720620155334473e-01,5.585064888000488281e-01
-9.090665578842163086e-01,1.173828840255737305e-01,-5.585231184959411621e-01,5.610250830650329590e-01
1.236859560012817383e-01,1.892025470733642578e-01,3.675754070281982422e-01,6.429545879364013672e-01
7.580660581588745117e-01,-5.992274284362792969e-01,9.016342163085937500e-01,5.292755961418151855e-01
-3.291189670562744141e-01,-4.175162315368652344e-02,5.221440792083740234e-01,3.116983175277709961e-01
-3.489812016487121582e-01,-8.835681080818176270e-01,-9.009885787963867188e-01,9.918799996376037598e-01
8.046787977218627930e-01,8.641935586929321289e-01,7.698000669479370117e-01,6.875791549682617188e-01
-9.513387084007263184e-01,-9.632332921028137207e-01,-8.536301851272583008e-01,1.448096185922622681e-01
-9.514172673225402832e-01,-6.817171573638916016e-01,4.269124269485473633e-01,4.962487220764160156e-01
-1.475086212158203125e-01,2.569537162780761719e-01,9.857527017593383789e-01,4.697127342224121094e-01
6.914513111114501953e-01,-5.022971630096435547e-01,9.568550586700439453e-01,1.893246918916702271e-01
1.030993461608886719e-02,-1.803798675537109375e-01,-4.891794919967651367e-01,4.623325467109680176e-01
-1.610743999481201172e-01,8.577835559844970703e-01,-4.870914816856384277e-01,5.844655036926269531e-01
5.622390508651733398e-01,-5.226050615310668945e-01,-3.080230951309204102e-01,8.791895210742950439e-02
-5.076773166656494141e-01,-1.228429079055786133e-01,4.916387796401977539e-01,4.686235785484313965e-01
9.514236450195312500e-02,6.700342893600463867e-01,9.181199073791503906e-01,1.956853270530700684e-01
9.755870103836059570e-01,-2.669938802719116211e-01,-3.839970827102661133e-01,5.677902698516845703e-01
2.402281761169433594e-02,7.796320915222167969e-01,5.294604301452636719e-01,7.903078198432922363e-01
6.645722389221191406e-01,-4.496427178382873535e-01,8.560128211975097656e-01,3.819733858108520508e-01
-5.167486667633056641e-01,5.758463144302368164e-01,9.934341907501220703e-01,3.266320824623107910e-01
-1.893658041954040527e-01,6.411757469177246094e-01,-6.822823286056518555e-01,5.784435272216796875e-01
3.113365173339843750e-01,-5.467762947082519531e-01,-4.943994879722595215e-01,5.379098653793334961e-01
-7.341217994689941406e-01,-6.876336336135864258e-01,5.191226005554199219e-01,1.544042527675628662e-01
7.935279607772827148e-01,1.932644844055175781e-01,-9.013985991477966309e-01,5.489670038223266602e-01
-9.141967892646789551e-01,-9.645360112190246582e-01,6.507867574691772461e-01,4.596528112888336182e-01
2.489485740661621094e-01,-8.519680500030517578e-01,-9.731094241142272949e-01,9.743123650550842285e-01
3.593878746032714844e-01,4.406921863555908203e-01,-6.875568628311157227e-01,6.727736443281173706e-02
8.258938789367675781e-03,-5.093551874160766602e-01,7.493190765380859375e-01,2.671834230422973633e-01
8.162283897399902344e-01,6.527038812637329102e-01,8.293730020523071289e-01,9.682165831327438354e-02
2.506115436553955078e-01,-3.284089565277099609e-01,-3.237188458442687988e-01,1.334996074438095093e-01
3.939799070358276367e-01,-6.884009838104248047e-01,3.926869630813598633e-01,4.404599666595458984e-01
-6.228010654449462891e-01,-4.957413673400878906e-02,-5.400282144546508789e-02,7.715927362442016602e-01
2.655708789825439453e-01,9.918777942657470703e-01,-3.612084984779357910e-01,7.602912187576293945e-01
8.480842113494873047e-01,-9.908339381217956543e-01,-8.641878366470336914e-01,9.165320396423339844e-01
6.203067302703857422e-02,-2.336900234222412109e-01,3.269653320312500000e-01,6.225700378417968750e-01
8.046035766601562500e-01,3.102025985717773438e-01,-9.734134078025817871e-01,1.271199434995651245e-01
7.157866954803466797e-01,4.774806499481201172e-01,-7.547948956489562988e-01,7.465232163667678833e-02
-4.099801182746887207e-01,4.685732126235961914e-01,8.203259706497192383e-01,5.918158888816833496e-01
-1.688230037689208984e-02,-8.387869596481323242e-01,2.831469774246215820e-01,9.030368924140930176e-01
-4.351913332939147949e-01,-3.599207401275634766e-01,-6.778087615966796875e-01,7.832116484642028809e-01
1.732459068298339844e-01,4.850496053695678711e-01,2.493410110473632812e-01,9.603869915008544922e-02
-2.305054664611816406e-02,6.806217432022094727e-01,-6.706500053405761719e-02,3.856670260429382324e-01
-1.359376907348632812e-01,-4.982330203056335449e-01,-3.140110969543457031e-01,7.915369421243667603e-02
7.929810285568237305e-01,-3.356197476387023926e-01,-9.767618775367736816e-01,6.546621918678283691e-01
5.450084209442138672e-01,9.846365451812744141e-02,8.032654523849487305e-01,9.016469717025756836e-01
8.603727817535400391e-02,-2.589238286018371582e-01,2.882866859436035156e-01,1.040932908654212952e-01
-7.154738903045654297e-01,8.325679302215576172e-01,7.216895818710327148e-01,4.906166195869445801e-01
3.266696929931640625e-01,-4.021203517913818359e-02,5.703954696655273438e-01,2.543414533138275146e-01
3.595083951950073242e-01,-2.769488692283630371e-01,5.116991996765136719e-01,4.149807244539260864e-02
2.689397335052490234e-01,-7.460616827011108398e-01,3.547494411468505859e-01,1.456757634878158569e-01
-3.597255945205688477e-01,3.840807676315307617e-01,-4.220416545867919922e-01,4.660847485065460205e-01
9.964718818664550781e-01,5.962781906127929688e-01,9.079694747924804688e-02,5.772638916969299316e-01
-8.579850196838378906e-03,-3.841672539710998535e-01,2.011311054229736328e-01,7.262795567512512207e-01
-9.169119596481323242e-02,-6.986100077629089355e-01,-7.718431949615478516e-02,4.804573655128479004e-01
-4.408079981803894043e-01,2.845267057418823242e-01,-6.245965957641601562e-01,4.316327571868896484e-01
8.856004476547241211e-01,-2.877761721611022949e-01,-6.103157997131347656e-02,4.786517620086669922e-01
7.368462085723876953e-01,-4.026364088058471680e-01,5.447542667388916016e-02,8.453001976013183594e-01
-4.604424834251403809e-01,7.298645973205566406e-01,9.845806360244750977e-01,6.173941493034362793e-01
-6.826384067535400391e-01,-3.133147358894348145e-01,-5.055843591690063477e-01,7.467402815818786621e-01
-5.632930994033813477e-01,-5.413410663604736328e-01,-2.936791777610778809e-01,1.477268934249877930e-01
6.357402801513671875e-01,-4.824284315109252930e-01,-3.864343762397766113e-01,9.448255598545074463e-02
-7.899554967880249023e-01,-8.307768702507019043e-01,6.811596155166625977e-01,4.705249369144439697e-01
-7.285060882568359375e-01,1.036692857742309570e-01,-6.633902788162231445e-01,1.271996796131134033e-01
-9.211730360984802246e-01,3.556094169616699219e-01,-5.995548963546752930e-01,2.975260913372039795e-01
6.734690666198730469e-01,3.278217315673828125e-01,-3.594841957092285156e-01,9.903286099433898926e-01
8.860982656478881836e-01,-6.354291439056396484e-01,2.886939048767089844e-02,2.408907711505889893e-01
3.899365663528442383e-01,-9.701037406921386719e-01,7.396094799041748047e-01,6.687671542167663574e-01
5.583645105361938477e-01,-8.495242595672607422e-01,3.013038635253906250e-02,5.370514988899230957e-01
-7.172708511352539062e-01,-3.831474781036376953e-01,-3.151952028274536133e-01,6.793993115425109863e-01
-6.190372705459594727e-01,-9.831018447875976562e-01,3.022464513778686523e-01,6.339523792266845703e-01
4.815468788146972656e-01,5.571961402893066406e-03,-4.409140348434448242e-01,8.815057277679443359e-01
8.417553901672363281e-01,4.695065021514892578e-01,9.695096015930175781e-01,8.398156762123107910e-01
-8.857351541519165039e-01,-9.951226711273193359e-01,8.212909698486328125e-01,6.906008720397949219e-01
-7.264783382415771484e-01,-7.130093574523925781e-01,-9.346901178359985352e-01,8.799085617065429688e-01
3.491227626800537109e-01,3.318376541137695312e-01,7.611322402954101562e-01,9.602265954017639160e-01
3.221557140350341797e-01,6.151826381683349609e-01,3.008449077606201172e-01,7.760314345359802246e-01
5.445321798324584961e-01,5.264426469802856445e-01,7.423794269561767578e-01,2.269063740968704224e-01
-1.698866486549377441e-01,5.195964574813842773e-01,-7.813605666160583496e-01,9.915630221366882324e-01
1.696894168853759766e-01,2.953102588653564453e-01,-9.536580443382263184e-01,5.886600017547607422e-01
-4.127715229988098145e-01,-1.336413025856018066e-01,-8.740972280502319336e-01,7.346079945564270020e-01
4.983775615692138672e-01,2.510484457015991211e-01,7.581090927124023438e-02,8.766391277313232422e-01
-5.278739929199218750e-01,4.722611904144287109e-01,-6.960601806640625000e-01,8.920907378196716309e-01
7.620993852615356445e-01,-2.341413497924804688e-02,-6.924670934677124023e-02,9.101668596267700195e-01
1.034306287765502930e-01,4.630143642425537109e-01,8.253073692321777344e-01,9.208988547325134277e-01
5.038557052612304688e-01,-6.627042293548583984e-01,8.293558359146118164e-01,9.927256107330322266e-01
-7.476977705955505371e-01,-9.505017995834350586e-01,3.551470041275024414e-01,8.709038496017456055e-01
-7.901376485824584961e-01,5.746054649353027344e-02,-4.107024669647216797e-01,8.420705199241638184e-01
-8.408899307250976562e-01,-4.769743680953979492e-01,8.022283315658569336e-01,8.523401021957397461e-01
-7.096945047378540039e-01,-1.711195111274719238e-01,2.058085203170776367e-01,7.352313995361328125e-01
2.733231782913208008e-01,8.119739294052124023e-01,1.009128093719482422e-01,2.332418262958526611e-01
2.251648902893066406e-02,-4.286226630210876465e-01,7.268201112747192383e-01,5.592960119247436523e-01
8.541675806045532227e-01,-2.869369983673095703e-01,6.434952020645141602e-01,8.131732940673828125e-01
7.903536558151245117e-01,8.810142278671264648e-01,6.747266054153442383e-01,5.135072469711303711e-01
8.967965841293334961e-01,2.820150852203369141e-01,1.040923595428466797e-02,7.500460147857666016e-01
1.903243064880371094e-01,2.225584983825683594e-01,-9.029446244239807129e-01,8.585731983184814453e-01
-8.117452859878540039e-01,-1.948751211166381836e-01,-5.327528119087219238e-01,2.973163723945617676e-01
3.486495018005371094e-01,-4.801452159881591797e-01,9.884806871414184570e-01,8.718861341476440430e-01
-3.041923046112060547e-01,-4.593095183372497559e-01,6.475847959518432617e-01,7.713695764541625977e-01
4.576600790023803711e-01,-6.484443545341491699e-01,-3.652274608612060547e-03,8.358011245727539062e-01
5.213795900344848633e-01,-7.304540276527404785e-01,-2.239819169044494629e-01,2.539150118827819824e-01
9.161694049835205078e-01,-5.261944532394409180e-01,8.655390739440917969e-01,1.066818311810493469e-01
-2.964438199996948242e-01,1.340410709381103516e-01,9.923609495162963867e-01,3.137287497520446777e-01
9.413725137710571289e-01,-3.415309190750122070e-01,4.177272319793701172e-02,3.917860388755798340e-01
7.613642215728759766e-01,-4.824923872947692871e-01,2.880529165267944336e-01,4.474061727523803711e-01
-4.233598709106445312e-02,3.143103122711181641e-01,8.459761142730712891e-01,6.808404922485351562e-01
-3.052272200584411621e-01,-1.436078548431396484e-01,8.383343219757080078e-01,7.558539509773254395e-01
7.805309295654296875e-01,7.150822877883911133e-01,5.024371147155761719e-01,8.759896755218505859e-01
8.295555114746093750e-01,8.298821449279785156e-01,1.768127679824829102e-01,3.108113408088684082e-01
-1.442868113517761230e-01,4.713370800018310547e-01,-7.771140933036804199e-01,7.637845873832702637e-01
5.759297609329223633e-01,6.365871429443359375e-01,7.686542272567749023e-01,9.895431995391845703e-01
5.809762477874755859e-01,7.682768106460571289e-01,-4.728653430938720703e-01,5.909342691302299500e-02
7.226848602294921875e-01,-7.554740905761718750e-01,8.399275541305541992e-01,9.266019463539123535e-01
-6.259316205978393555e-01,-5.548968315124511719e-01,-2.759561538696289062e-01,2.213845402002334595e-01
-9.874353408813476562e-01,-2.343783378601074219e-01,1.535779237747192383e-01,2.317092865705490112e-01
-6.252322196960449219e-01,-5.892351865768432617e-01,-1.954317092895507812e-03,6.747257113456726074e-01
1.586735248565673828e-01,-1.077781319618225098e-01,1.035850048065185547e-01,6.481928229331970215e-01
-5.182259082794189453e-01,-6.300724148750305176e-01,7.813472747802734375e-01,4.240011870861053467e-01
9.789997339248657227e-01,-8.449854254722595215e-01,-9.679327011108398438e-01,8.115882873535156250e-01
2.622543573379516602e-01,-5.636367797851562500e-01,2.686319351196289062e-01,7.529502511024475098e-01
1.119897365570068359e-01,1.359491348266601562e-01,4.996165037155151367e-01,5.244727134704589844e-01
-9.616330862045288086e-01,-6.262625455856323242e-01,-7.534271478652954102e-01,4.296892583370208740e-01
2.718918323516845703e-01,1.396245956420898438e-01,-5.716146826744079590e-01,1.740041375160217285e-01
-3.825603723526000977e-01,-9.047940969467163086e-01,5.871509313583374023e-01,8.731927275657653809e-01
9.451974630355834961e-01,-7.704901099205017090e-01,-6.141921877861022949e-01,6.341971158981323242e-01
-6.339631080627441406e-01,1.218878030776977539e-01,-6.856569051742553711e-01,2.468934208154678345e-01
1.443114280700683594e-01,7.911170721054077148e-01,6.006636619567871094e-01,9.310457706451416016e-01
-1.360455751419067383e-01,7.581957578659057617e-01,2.846319675445556641e-01,2.939131855964660645e-01
-6.354153156280517578e-01,-1.657700538635253906e-01,-5.996235013008117676e-01,1.618740558624267578e-01
-5.222280025482177734e-01,-1.291974782943725586e-01,-6.942886114120483398e-01,9.911660850048065186e-02
-7.559510469436645508e-01,9.496617317199707031e-02,4.554965496063232422e-01,7.747397422790527344e-01
1.231418848037719727e-01,-3.862400054931640625e-01,2.408479452133178711e-01,4.853685200214385986e-01
3.583986759185791016e-01,-6.292795538902282715e-01,9.047060012817382812e-01,4.575882554054260254e-01
-9.778912663459777832e-01,8.974584341049194336e-01,-7.408212423324584961e-01,5.248315334320068359e-01
-2.565988898277282715e-01,-7.851033806800842285e-01,-9.546822905540466309e-01,3.340813815593719482e-01
3.808332681655883789e-01,9.984648227691650391e-01,-1.388629078865051270e-01,9.811978340148925781e-01
-6.487451791763305664e-01,-2.010748982429504395e-01,7.102944850921630859e-01,4.985686838626861572e-01
8.447557687759399414e-01,9.242590665817260742e-01,-7.186102867126464844e-01,5.967036485671997070e-01
-9.365141391754150391e-02,2.537763118743896484e-02,-3.133435845375061035e-01,5.181823372840881348e-01
6.919913291931152344e-01,-3.775434494018554688e-01,-5.282322168350219727e-01,4.743131101131439209e-01
-8.267034292221069336e-01,1.676994562149047852e-01,6.092627048492431641e-01,3.857075795531272888e-02
4.783035516738891602e-01,6.497728824615478516e-01,2.707761526107788086e-01,4.535602033138275146e-01
7.947784662246704102e-01,-8.187308311462402344e-01,-1.555023789405822754e-01,3.157316446304321289e-01
4.248795509338378906e-01,7.244659662246704102e-01,-2.366107106208801270e-01,2.443493306636810303e-01
-1.671668887138366699e-01,6.217688322067260742e-01,4.726109504699707031e-01,3.009105324745178223e-01
-7.885604500770568848e-01,5.719715356826782227e-01,-5.831778049468994141e-01,2.251171171665191650e-01
9.442532062530517578e-01,5.318177938461303711e-01,1.420334577560424805e-01,1.796391010284423828e-01
4.192110300064086914e-01,-6.269607543945312500e-01,9.496834278106689453e-01,9.218515753746032715e-01
-9.130912423133850098e-01,-9.418617486953735352e-01,-8.701843619346618652e-01,6.874429434537887573e-02
8.844274282455444336e-01,-1.487957835197448730e-01,9.007821083068847656e-01,5.041833221912384033e-02
4.585829973220825195e-01,-2.895690798759460449e-01,-6.461958885192871094e-01,4.403019845485687256e-01
-4.581184387207031250e-01,6.611118316650390625e-01,7.866295576095581055e-01,6.836742162704467773e-01
-1.781614422798156738e-01,-7.938737869262695312e-01,1.440687179565429688e-01,7.300238609313964844e-01
5.710451602935791016e-01,-7.538083195686340332e-01,-9.581478834152221680e-01,5.512632727622985840e-01
-3.841398358345031738e-01,8.288539648056030273e-01,-2.467763423919677734e-01,9.315260052680969238e-01
6.010382175445556641e-01,-3.875321745872497559e-01,-1.354942321777343750e-01,4.098369777202606201e-01
7.527427673339843750e-01,-8.991596698760986328e-01,-9.570177197456359863e-01,2.603794634342193604e-01
2.481845617294311523e-01,8.846088647842407227e-01,-2.271472811698913574e-01,8.169667720794677734e-01
-3.274392485618591309e-01,-6.329327225685119629e-01,7.597490549087524414e-01,6.352486610412597656e-01
-3.921329975128173828e-02,-8.995473384857177734e-03,-8.750637173652648926e-01,3.400896191596984863e-01
3.525984287261962891e-01,6.791280508041381836e-01,9.319417476654052734e-01,2.567383348941802979e-01
5.679231882095336914e-01,-9.147440195083618164e-01,7.007710933685302734e-01,3.975643217563629150e-01
-5.701175928115844727e-01,-3.824992775917053223e-01,2.157330513000488281e-02,4.777866005897521973e-01
-2.189568877220153809e-01,9.539735317230224609e-02,-1.416996121406555176e-01,5.320978760719299316e-01
1.830232143402099609e-02,8.521374464035034180e-01,7.102999687194824219e-01,1.108440011739730835e-01
-6.489889621734619141e-01,2.024103403091430664e-01,-4.177533388137817383e-01,6.229545474052429199e-01
-7.733132243156433105e-01,-8.630962371826171875e-01,-3.025048971176147461e-02,9.095628857612609863e-01
-7.971663475036621094e-01,4.762589931488037109e-02,-1.161313056945800781e-02,5.564473271369934082e-01
2.116696834564208984e-01,-2.336705327033996582e-01,-9.746694564819335938e-02,7.119264006614685059e-01
2.490215301513671875e-01,-3.915948271751403809e-01,9.628751277923583984e-01,5.460982322692871094e-01
6.783525943756103516e-01,-2.050996422767639160e-01,-3.836492300033569336e-01,7.023595571517944336e-01
-1.565465927124023438e-01,8.824353218078613281e-01,4.650821685791015625e-01,7.159564495086669922e-01
8.915311098098754883e-01,-3.302077651023864746e-01,-4.573670029640197754e-01,9.225034713745117188e-01
4.786062240600585938e-01,-8.227117061614990234e-01,2.746748924255371094e-01,7.969005107879638672e-01
3.225963115692138672e-01,5.468882322311401367e-01,-5.233027935028076172e-01,1.836177259683609009e-01
-6.512734889984130859e-01,-4.240056872367858887e-01,-3.306296467781066895e-01,8.465464115142822266e-01
-2.278088331222534180e-01,5.849889516830444336e-01,-7.825657725334167480e-01,9.326937794685363770e-01
-1.536216735839843750e-01,-7.525806427001953125e-01,5.344538688659667969e-01,3.540503978729248047e-01
-5.676145553588867188e-01,3.438634872436523438e-01,1.936225891113281250e-01,1.531669199466705322e-01
9.742608070373535156e-01,8.767881393432617188e-01,-5.796644687652587891e-01,1.106460765004158020e-01
5.844718217849731445e-01,-7.159562110900878906e-01,7.081314325332641602e-01,3.799052536487579346e-01
-7.336819171905517578e-02,-9.636836051940917969e-01,5.528956651687622070e-01,2.749904058873653412e-02
-7.886326313018798828e-02,-6.210176348686218262e-01,4.332172870635986328e-01,7.265444397926330566e-01
-6.803357005119323730e-01,-5.845207571983337402e-01,-4.880840778350830078e-01,4.104991257190704346e-01
4.484807252883911133e-01,-2.175009250640869141e-02,-9.712637662887573242e-01,8.755697607994079590e-01
-6.947177648544311523e-01,-1.904221177101135254e-01,5.898408889770507812e-01,4.611606895923614502e-01
-2.468377351760864258e-01,-4.367510676383972168e-01,-7.100075483322143555e-01,8.343377709388732910e-01
4.692472219467163086e-01,4.006838798522949219e-01,6.236637830734252930e-01,7.031900882720947266e-01
-1.564918756484985352e-01,-4.543076157569885254e-01,-5.687388181686401367e-01,2.749964781105518341e-02
2.788702249526977539e-01,9.366711378097534180e-01,9.743931293487548828e-01,3.882092833518981934e-01
-3.913616538047790527e-01,-4.637436270713806152e-01,-3.753098249435424805e-01,7.438244223594665527e-01
6.407859325408935547e-01,1.296858787536621094e-01,1.246969699859619141e-01,6.601128727197647095e-02
-5.670495033264160156e-01,9.694062471389770508e-01,2.590757608413696289e-01,9.385439157485961914e-01
2.365654706954956055e-01,4.013218879699707031e-01,-6.211404800415039062e-01,8.062220215797424316e-01
-4.384860992431640625e-01,-8.332132101058959961e-01,-7.975018620491027832e-01,6.016919612884521484e-01
9.631192684173583984e-01,8.071510791778564453e-01,-9.374250769615173340e-01,8.679810762405395508e-01
9.737784862518310547e-01,7.485935688018798828e-01,7.509713172912597656e-01,1.372973322868347168e-01
4.132816791534423828e-01,4.044147729873657227e-01,4.140716791152954102e-01,5.169507265090942383e-01
-2.855826616287231445e-01,-5.950952768325805664e-01,3.029607534408569336e-01,3.637138903141021729e-01
-5.128711462020874023e-02,7.510839700698852539e-01,-4.934515953063964844e-01,5.205023884773254395e-01
-1.089640855789184570e-01,-2.229546308517456055e-01,9.675948619842529297e-01,4.861443340778350830e-01
2.660847902297973633e-01,8.448055982589721680e-01,-3.906500935554504395e-01,7.308211326599121094e-01
-8.116053342819213867e-01,9.420138597488403320e-01,-3.614912629127502441e-01,4.097196459770202637e-01
-6.691628694534301758e-01,9.104353189468383789e-01,1.995544433593750000e-01,8.574813604354858398e-01
-6.166840791702270508e-01,8.013237714767456055e-01,-5.587466359138488770e-01,7.093922495841979980e-01
2.847368717193603516e-01,8.567473888397216797e-01,-7.260200977325439453e-01,4.304570257663726807e-01
2.465260028839111328e-01,5.389721393585205078e-01,-3.823882341384887695e-02,5.743808746337890625e-01
-8.523067831993103027e-01,-6.743335723876953125e-02,-6.323385238647460938e-02,7.134768962860107422e-01
-6.697995662689208984e-01,2.615981101989746094e-01,9.854660034179687500e-01,4.538975954055786133e-01
-8.593849539756774902e-01,-8.983071446418762207e-01,4.558565616607666016e-01,6.724107265472412109e-01
4.225718975067138672e-02,-2.553073167800903320e-01,8.328521251678466797e-02,8.030793070793151855e-01
4.029133319854736328e-01,-4.273405671119689941e-01,-3.710168600082397461e-02,9.293361008167266846e-02
-2.798441648483276367e-01,-6.719942092895507812e-01,-2.804738879203796387e-01,2.156651765108108521e-01
6.241664886474609375e-01,1.014504432678222656e-01,-3.415279984474182129e-01,3.201213181018829346e-01
-2.416479587554931641e-01,-5.230367779731750488e-01,5.672105550765991211e-01,3.365045487880706787e-01
3.041907548904418945e-01,8.133994340896606445e-01,-7.901595234870910645e-01,1.182489246129989624e-01
1.538336277008056641e-01,-3.563151359558105469e-01,8.149542808532714844e-01,1.453200131654739380e-01
6.012147665023803711e-01,5.278270244598388672e-01,-7.073284387588500977e-01,6.303800344467163086e-01
-7.719988822937011719e-01,8.080999851226806641e-01,-1.940685510635375977e-02,5.361486673355102539e-01
4.834345579147338867e-01,-8.323131203651428223e-01,1.015805006027221680e-01,2.908664569258689880e-02
8.911765813827514648e-01,-2.632862925529479980e-01,1.765131950378417969e-02,7.166500687599182129e-01
-4.372549057006835938e-02,-3.216196894645690918e-01,4.170378446578979492e-01,1.132395416498184204e-01
2.764228582382202148e-01,1.359760761260986328e-02,8.722627162933349609e-02,3.705216646194458008e-01
3.300337791442871094e-01,-8.873458504676818848e-01,-7.918487787246704102e-01,8.055316805839538574e-01
5.863153934478759766e-01,1.832847595214843750e-01,9.131196737289428711e-01,2.786026298999786377e-01
-7.823652029037475586e-02,-6.292703151702880859e-01,-3.053519129753112793e-01,2.194187045097351074e-01
-8.499118685722351074e-01,3.952313661575317383e-01,5.965794324874877930e-01,7.229671478271484375e-01
6.824209690093994141e-01,7.364705801010131836e-01,4.701619148254394531e-01,8.851829171180725098e-01
-5.580621957778930664e-01,-5.226734280586242676e-01,-6.505713462829589844e-01,3.328827917575836182e-01
8.715469837188720703e-01,-4.664922952651977539e-01,6.922148466110229492e-01,9.679229259490966797e-01
4.823701381683349609e-01,-2.468890547752380371e-01,-3.219179511070251465e-01,2.154798945412039757e-03
-2.684435248374938965e-01,-1.891300678253173828e-01,9.212936162948608398e-01,5.944972038269042969e-01
8.257448673248291016e-02,8.246325254440307617e-01,9.988161325454711914e-01,7.242678403854370117e-01
-6.064721941947937012e-01,8.150025606155395508e-01,-5.906135439872741699e-01,3.328275382518768311e-01
8.007687330245971680e-01,2.667912244796752930e-01,5.430730581283569336e-01,3.242108225822448730e-01
-4.735590815544128418e-01,3.164916038513183594e-01,1.421308517456054688e-01,3.025994002819061279e-01
7.253029346466064453e-01,-8.385328650474548340e-01,8.304185867309570312e-01,7.032257914543151855e-01
-1.663643121719360352e-02,1.241455078125000000e-01,-6.265580654144287109e-01,5.778626203536987305e-01
6.192462444305419922e-01,8.441171646118164062e-01,4.086916446685791016e-01,5.818555951118469238e-01
-1.406091451644897461e-01,8.336669206619262695e-01,-6.588804125785827637e-01,6.936336159706115723e-01
7.607074975967407227e-01,2.782272100448608398e-01,3.567824363708496094e-01,9.738630652427673340e-01
-3.833191394805908203e-01,-4.543711543083190918e-01,2.334058284759521484e-02,9.609808772802352905e-02
1.179101467132568359e-01,-4.243765473365783691e-01,-6.869479417800903320e-01,1.740758717060089111e-01
5.751879215240478516e-01,-6.597631573677062988e-01,8.723616600036621094e-01,9.678949117660522461e-01
5.631251335144042969e-01,-8.154660463333129883e-01,2.071237564086914062e-02,9.525568485260009766e-01
-3.403836488723754883e-01,-8.372272849082946777e-01,-9.516484737396240234e-01,6.797280907630920410e-02
8.174203634262084961e-01,9.488402605056762695e-01,-7.692851424217224121e-01,6.583902239799499512e-01
4.468108415603637695e-01,7.963631153106689453e-01,-4.679810404777526855e-01,9.913223236799240112e-02
6.078331470489501953e-01,-1.848024725914001465e-01,-5.371698141098022461e-01,4.534670710563659668e-01
-6.493380069732666016e-01,-8.649494051933288574e-01,-3.288180232048034668e-01,4.807799458503723145e-01
1.739292144775390625e-01,3.565936088562011719e-01,7.858126163482666016e-01,6.288368105888366699e-01
-7.113596200942993164e-01,7.647097110748291016e-02,-5.338643789291381836e-01,6.298267841339111328e-01
9.229648113250732422e-01,-9.526497125625610352e-02,-8.057450056076049805e-01,6.194604039192199707e-01
-3.060698509216308594e-04,-6.601767539978027344e-01,1.308846473693847656e-02,3.790291249752044678e-01
-3.048958778381347656e-01,7.157227993011474609e-01,-7.442200183868408203e-02,8.326276391744613647e-02
-6.193464994430541992e-02,-8.666281104087829590e-01,2.196406126022338867e-01,3.435716331005096436e-01
-9.535174965858459473e-01,-4.958346486091613770e-01,-3.894738554954528809e-01,9.077579975128173828e-01
6.351087093353271484e-01,9.147510528564453125e-01,-6.645477414131164551e-01,6.663023829460144043e-01
8.362610340118408203e-01,1.143532991409301758e-01,-2.447425127029418945e-01,5.682963132858276367e-01
-3.762900829315185547e-01,6.166987419128417969e-01,4.587814807891845703e-01,8.510923385620117188e-01
9.536770582199096680e-01,5.404070615768432617e-01,-4.630219936370849609e-02,3.984463810920715332e-01
-8.307433128356933594e-01,7.722353935241699219e-02,-4.481908679008483887e-01,5.868121236562728882e-02
-6.140589714050292969e-01,-8.589464426040649414e-02,1.024686098098754883e-01,5.335150361061096191e-01
-9.219914674758911133e-02,-4.016335010528564453e-01,8.398931026458740234e-01,4.530556201934814453e-01
8.927011489868164062e-01,-9.569134712219238281e-01,3.038676977157592773e-01,4.591074585914611816e-01
-4.499325156211853027e-01,-2.494284510612487793e-01,9.284975528717041016e-01,1.153083145618438721e-02
-2.324603199958801270e-01,8.595982789993286133e-01,1.487576961517333984e-02,5.709482431411743164e-01
5.564153194427490234e-02,8.104952573776245117e-01,-3.280236124992370605e-01,2.910186052322387695e-01
-9.157400727272033691e-01,3.256571292877197266e-02,-2.201656103134155273e-01,3.635445535182952881e-01
-1.888564825057983398e-01,1.043727397918701172e-01,-5.253939032554626465e-01,2.980687618255615234e-01
7.463421821594238281e-01,-2.459546923637390137e-01,3.630704879760742188e-01,2.983092963695526123e-01
6.049934625625610352e-01,3.588095903396606445e-01,2.230199575424194336e-01,6.279814839363098145e-01
-3.301444053649902344e-01,2.646707296371459961e-01,-4.617118239402770996e-01,5.851117968559265137e-01
-9.473803639411926270e-01,-4.936446547508239746e-01,6.929712295532226562e-01,5.691447854042053223e-01
7.166057825088500977e-01,-2.347502112388610840e-01,6.459300518035888672e-01,2.673271298408508301e-01
-5.017129182815551758e-01,-2.785744667053222656e-01,1.007394790649414062e-01,9.848878383636474609e-01
8.796007633209228516e-01,6.160969734191894531e-01,-4.493989944458007812e-01,8.729533106088638306e-02
-7.975506782531738281e-02,5.896697044372558594e-01,-7.126965522766113281e-01,6.265231370925903320e-01
-8.187041878700256348e-01,-1.794422268867492676e-01,-8.499481081962585449e-01,4.023814797401428223e-01
-7.565307617187500000e-02,-3.421950936317443848e-01,7.825194597244262695e-01,8.481613397598266602e-01
5.152813196182250977e-01,-1.484546661376953125e-01,-3.392019271850585938e-01,9.876772165298461914e-01
8.724846839904785156e-01,3.177430629730224609e-01,4.025802612304687500e-01,8.757825493812561035e-01
-4.511927366256713867e-01,4.021050930023193359e-01,-5.769329071044921875e-01,9.216870665550231934e-01
3.505648374557495117e-01,3.834254741668701172e-01,-7.841988801956176758e-01,2.377452105283737183e-01
3.569993972778320312e-01,9.934937953948974609e-02,-9.249246120452880859e-01,7.079805731773376465e-01
4.603803157806396484e-01,7.187665700912475586e-01,-2.839987277984619141e-01,7.421135902404785156e-02
4.586936235427856445e-01,-4.893062114715576172e-01,-6.598716974258422852e-02,4.586776793003082275e-01
4.144201278686523438e-01,-5.109040737152099609e-01,-6.569933295249938965e-01,8.839989304542541504e-01
-7.741484642028808594e-01,2.721248865127563477e-01,-9.886956214904785156e-02,7.769351452589035034e-02
-7.580151557922363281e-01,3.243901729583740234e-01,-8.843700289726257324e-01,4.456432461738586426e-01
1.060782670974731445e-01,-3.570959568023681641e-01,-2.310323715209960938e-02,1.570930033922195435e-01
-5.635179281234741211e-01,5.007662773132324219e-01,8.918982744216918945e-01,8.957813382148742676e-01
8.556735515594482422e-02,-6.936773061752319336e-01,2.636263370513916016e-01,7.998824119567871094e-01
6.372925043106079102e-01,-2.973338961601257324e-01,2.893722057342529297e-01,2.340139001607894897e-01
5.555928945541381836e-01,8.418896198272705078e-01,-6.524336338043212891e-02,8.284018039703369141e-01
-2.055335640907287598e-01,-7.776528000831604004e-01,-2.555346488952636719e-02,5.509346127510070801e-01
3.009574413299560547e-01,3.624858856201171875e-01,-7.945808172225952148e-01,9.494075179100036621e-01
-5.950341820716857910e-01,-5.042998790740966797e-01,6.079381704330444336e-01,9.704094380140304565e-02
9.331570863723754883e-01,7.533268928527832031e-01,2.172982692718505859e-01,9.540584087371826172e-01
5.703778266906738281e-01,9.185903072357177734e-01,-4.494755864143371582e-01,4.938457608222961426e-01
4.708255529403686523e-01,3.553131818771362305e-01,-7.863310575485229492e-01,5.394474864006042480e-01
9.246740341186523438e-01,6.831412315368652344e-01,6.553292274475097656e-01,7.226268947124481201e-02
1.655774116516113281e-01,9.817364215850830078e-01,2.444059848785400391e-01,9.547638148069381714e-02
1.296069622039794922e-01,-1.089237332344055176e-01,6.501030921936035156e-02,9.714507460594177246e-01
-3.099052906036376953e-01,-5.595375299453735352e-01,6.726613044738769531e-01,1.677654981613159180e-01
-1.937794089317321777e-01,-1.450805664062500000e-01,-6.278245449066162109e-01,1.083526909351348877e-01
-5.146634578704833984e-01,2.908829450607299805e-01,-6.698589324951171875e-01,4.788045883178710938e-01
2.535566091537475586e-01,4.066551923751831055e-01,-6.358556747436523438e-01,2.173408865928649902e-01
6.570086479187011719e-01,8.786164522171020508e-01,-8.417563438415527344e-01,1.714013144373893738e-02
7.811582088470458984e-02,-1.054683327674865723e-01,7.798218727111816406e-02,7.411786317825317383e-01
-3.860682249069213867e-02,5.047568082809448242e-01,9.574880599975585938e-01,4.644526243209838867e-01
-8.760952949523925781e-02,-7.244083881378173828e-01,-3.318811058998107910e-01,5.102462768554687500e-01
-4.805654287338256836e-01,-2.578481435775756836e-01,5.320806503295898438e-01,6.154782176017761230e-01
5.463945865631103516e-02,9.929471015930175781e-01,-1.617881655693054199e-01,3.349487856030464172e-02
5.442353487014770508e-01,1.889494657516479492e-01,-4.237651228904724121e-01,5.992732197046279907e-02
4.638029336929321289e-01,3.527450561523437500e-02,5.792174339294433594e-01,2.232600450515747070e-01
2.081921100616455078e-01,5.015701055526733398e-01,1.648429632186889648e-01,4.734588563442230225e-01
4.064626693725585938e-01,5.661429166793823242e-01,6.707566976547241211e-01,9.304808080196380615e-02
-7.113308906555175781e-01,-7.991021275520324707e-01,-4.501910209655761719e-01,6.574652791023254395e-01
-9.722028970718383789e-01,1.241171360015869141e-01,-6.504691839218139648e-01,6.909382343292236328e-02
4.584442377090454102e-01,4.068251848220825195e-01,3.607789278030395508e-01,6.347297430038452148e-01
9.733208417892456055e-01,4.654672145843505859e-01,-4.978579878807067871e-01,2.259869128465652466e-01
8.921148777008056641e-01,6.837215423583984375e-01,6.557551622390747070e-01,3.783028721809387207e-01
-3.734346628189086914e-01,-7.440036535263061523e-02,-8.162280321121215820e-01,8.745939135551452637e-01
6.072776317596435547e-01,8.401398658752441406e-01,4.053931236267089844e-01,8.870706558227539062e-01
-7.059503793716430664e-01,-8.338387012481689453e-01,1.002416610717773438e-01,8.476778864860534668e-02
7.674866914749145508e-01,-6.141114234924316406e-01,-7.084012031555175781e-03,8.418780565261840820e-02
6.617755889892578125e-01,9.002885818481445312e-01,-5.152475833892822266e-01,1.074925810098648071e-01
5.220823287963867188e-01,7.376359701156616211e-01,6.423645019531250000e-01,4.079955816268920898e-01
-1.622912287712097168e-01,4.237816333770751953e-01,9.404004812240600586e-01,6.785537600517272949e-01
7.053754329681396484e-01,-6.006836891174316406e-02,9.282035827636718750e-01,5.926246047019958496e-01
7.534562349319458008e-01,4.093750715255737305e-01,7.300088405609130859e-01,9.507519006729125977e-02
-2.953790426254272461e-01,-8.195569515228271484e-01,-3.583151102066040039e-01,5.796979069709777832e-01
4.422081708908081055e-01,-9.689191579818725586e-01,-2.494356036186218262e-01,9.172534197568893433e-02
2.547506093978881836e-01,5.915150642395019531e-01,-4.827624559402465820e-01,7.205961942672729492e-01
2.562369108200073242e-01,-6.932437419891357422e-01,1.273605823516845703e-01,8.480311930179595947e-02
7.998645305633544922e-02,-5.420615673065185547e-01,3.454521894454956055e-01,6.698082089424133301e-01
-6.100389957427978516e-01,8.334034681320190430e-01,-3.762174844741821289e-01,4.605041816830635071e-03
2.054858207702636719e-02,-5.288088917732238770e-01,8.424981832504272461e-01,4.951115548610687256e-01
7.804251909255981445e-01,-5.738590955734252930e-01,1.744749546051025391e-01,4.126562774181365967e-01
6.177076101303100586e-01,-6.882562041282653809e-01,-6.728284358978271484e-01,1.803977638483047485e-01
-5.950076580047607422e-01,8.886194229125976562e-02,-1.204985380172729492e-02,6.952636688947677612e-02
-6.591761112213134766e-01,6.709156036376953125e-01,-9.079037904739379883e-01,1.942261904478073120e-01
2.814176082611083984e-01,-1.128028631210327148e-01,9.282238483428955078e-01,3.288765549659729004e-01
2.982426881790161133e-01,-2.076928019523620605e-01,5.560489892959594727e-01,2.288617193698883057e-01
4.803099632263183594e-01,4.400316476821899414e-01,8.584258556365966797e-01,9.148652553558349609e-01
-1.284333467483520508e-01,5.134118795394897461e-01,7.502919435501098633e-01,9.236778616905212402e-01
-9.172735810279846191e-01,-7.626279592514038086e-01,-6.021600961685180664e-01,7.808719873428344727e-01
8.297635316848754883e-01,8.816347122192382812e-01,-5.751920938491821289e-01,6.034882664680480957e-01
5.062109231948852539e-01,5.511358976364135742e-01,-4.059411287307739258e-01,5.869047716259956360e-02
1.816813945770263672e-01,-1.980730891227722168e-01,-6.075116395950317383e-01,1.146214380860328674e-01
1.467324495315551758e-01,-6.082075834274291992e-02,-4.638890624046325684e-01,9.386942982673645020e-01
2.255337238311767578e-01,-6.175894141197204590e-01,8.657726049423217773e-01,2.551862001419067383e-01
-8.231310844421386719e-01,8.380341529846191406e-02,4.832923412322998047e-02,9.083876013755798340e-01
-7.565031647682189941e-01,3.932850360870361328e-01,-9.527522921562194824e-01,1.314010918140411377e-01
7.444137334823608398e-01,9.628298282623291016e-01,-5.516142845153808594e-01,8.041529655456542969e-01
-9.665024280548095703e-01,4.151421785354614258e-01,8.706650733947753906e-01,6.352991610765457153e-02
7.255941629409790039e-01,6.536455154418945312e-01,1.765122413635253906e-01,7.414460182189941406e-01
2.222172021865844727e-01,-6.911229491233825684e-01,-4.400078058242797852e-01,5.255930423736572266e-01
-3.378754258155822754e-01,-5.122184753417968750e-01,-2.046701908111572266e-01,1.596422642469406128e-01
-2.568223476409912109e-01,2.347475290298461914e-01,8.742331266403198242e-01,6.437449157238006592e-02
3.139894008636474609e-01,-5.352444648742675781e-01,5.220882892608642578e-01,6.806922554969787598e-01
-3.823506236076354980e-01,1.827772855758666992e-01,-8.027508854866027832e-01,2.672578440979123116e-03
5.749474763870239258e-01,1.094341278076171875e-04,-2.563496828079223633e-01,7.528541982173919678e-02
-6.172490119934082031e-01,-2.944876551628112793e-01,9.503161907196044922e-02,5.882129669189453125e-01
-4.032618999481201172e-01,5.657054185867309570e-01,-3.075525760650634766e-01,8.287929892539978027e-01
-4.653749465942382812e-01,-4.635552763938903809e-01,6.791723966598510742e-01,8.723366260528564453e-01
-7.909378409385681152e-01,1.556459665298461914e-01,-5.245887041091918945e-01,7.255293726921081543e-01
-8.584131002426147461e-01,8.811451196670532227e-01,6.641685962677001953e-01,4.056233763694763184e-01
-3.160682320594787598e-01,-1.425272822380065918e-01,-2.829340100288391113e-01,5.501481294631958008e-01
-9.805902242660522461e-01,-5.063686370849609375e-01,-3.897762298583984375e-01,4.432383775711059570e-01
-9.162712097167968750e-01,-1.010045409202575684e-01,-1.583546400070190430e-01,7.924467921257019043e-01
6.555033922195434570e-01,2.193944454193115234e-01,-2.688081860542297363e-01,1.448595225811004639e-01
-2.336599230766296387e-01,3.140796422958374023e-01,9.797120094299316406e-02,5.985409021377563477e-01
9.157764911651611328e-01,-6.799484491348266602e-01,3.415143489837646484e-02,6.737733483314514160e-01
-5.498519539833068848e-01,-8.851991295814514160e-01,-8.438104987144470215e-01,3.717815577983856201e-01
2.661170959472656250e-01,6.535823345184326172e-01,-2.688151597976684570e-01,7.473154664039611816e-01
3.722782135009765625e-01,-1.246886253356933594e-01,-3.904938697814941406e-01,1.878973990678787231e-01
-6.484634876251220703e-01,2.609360218048095703e-01,7.968752384185791016e-01,8.912077546119689941e-01
-8.426479101181030273e-01,-8.182266950607299805e-01,-7.604296803474426270e-01,7.122978568077087402e-01
-5.713438391685485840e-01,1.776627302169799805e-01,2.556231021881103516e-01,1.693592220544815063e-02
1.209621429443359375e-01,-1.707214117050170898e-02,-3.230100274085998535e-01,9.183771610260009766e-01
5.546529293060302734e-01,2.125511169433593750e-01,4.988009929656982422e-01,7.983539998531341553e-02
-9.358530044555664062e-01,-2.690870165824890137e-01,-4.738234281539916992e-01,3.761137127876281738e-01
-1.042748689651489258e-01,4.056055545806884766e-01,3.587840795516967773e-01,3.970279097557067871e-01
6.285769939422607422e-01,8.066295385360717773e-01,-7.464120984077453613e-01,5.173895955085754395e-01
-2.426916956901550293e-01,8.191920518875122070e-01,-2.940802574157714844e-01,3.166757524013519287e-01
-5.700280666351318359e-01,3.963923454284667969e-02,-2.168053388595581055e-01,4.916996061801910400e-01
2.335842847824096680e-01,3.642930984497070312e-01,-1.432678699493408203e-01,4.738700091838836670e-01
-6.446583271026611328e-01,5.947306156158447266e-01,-3.668242096900939941e-01,6.616857647895812988e-01
6.090028285980224609e-01,5.232191085815429688e-01,7.759597301483154297e-01,8.657714128494262695e-01
-7.082816362380981445e-01,-6.482981443405151367e-01,6.447218656539916992e-01,9.344097375869750977e-01
-1.545435786247253418e-01,-4.088770747184753418e-01,-9.105285406112670898e-01,2.993918359279632568e-01
-3.096032738685607910e-01,4.018859863281250000e-01,-8.300004005432128906e-01,8.346838951110839844e-01
-5.041882991790771484e-01,-9.858091473579406738e-01,-2.774698138236999512e-01,2.337377890944480896e-02
-5.072094798088073730e-01,2.897520065307617188e-01,8.016279935836791992e-01,7.088020443916320801e-01
2.594299316406250000e-01,-5.079843401908874512e-01,-1.138898730278015137e-01,9.915543198585510254e-01
5.283474922180175781e-02,-4.769594073295593262e-01,6.706396341323852539e-01,1.254307329654693604e-01
8.395671844482421875e-02,5.503567457199096680e-01,-6.306781768798828125e-01,2.780895829200744629e-01
-6.688815355300903320e-01,8.287142515182495117e-01,2.332634925842285156e-01,3.006376624107360840e-01
2.726728916168212891e-01,-9.932597279548645020e-01,8.180015087127685547e-01,1.257047951221466064e-01
4.851315021514892578e-01,2.689077854156494141e-01,4.411365985870361328e-01,1.483993083238601685e-01
-5.834305286407470703e-01,3.723355531692504883e-01,7.179447412490844727e-01,1.619709730148315430e-01
3.995801210403442383e-01,-2.196617126464843750e-01,-2.360108494758605957e-01,8.369630575180053711e-01
-9.183521866798400879e-01,1.931357383728027344e-02,-9.406632781028747559e-01,7.180590629577636719e-01
3.692066669464111328e-01,8.688167333602905273e-01,-5.663686990737915039e-02,6.903392076492309570e-02
5.475449562072753906e-01,5.207844972610473633e-01,-9.635037183761596680e-02,8.623703122138977051e-01
-2.030749320983886719e-01,-8.958410024642944336e-01,1.114870309829711914e-01,1.395716220140457153e-01
-1.502595543861389160e-01,8.369439840316772461e-01,2.854584455490112305e-01,4.917990267276763916e-01
-2.204741835594177246e-01,-6.237429380416870117e-01,-8.927930593490600586e-01,6.319699883460998535e-01
-8.781787157058715820e-01,-2.024733424186706543e-01,4.245357513427734375e-01,2.163588553667068481e-01
-7.945072650909423828e-02,-7.085447311401367188e-01,-6.299486160278320312e-01,9.931739568710327148e-01
8.749449253082275391e-02,8.380109071731567383e-01,-5.636018514633178711e-01,9.701272249221801758e-01
6.725708246231079102e-01,5.832362174987792969e-01,-2.384564876556396484e-01,7.603027224540710449e-01
8.949398994445800781e-01,-8.979477286338806152e-01,-9.815163016319274902e-01,2.308666110038757324e-01
7.251136302947998047e-01,-7.739728689193725586e-02,8.697384595870971680e-01,1.928629428148269653e-01
-3.420673012733459473e-01,5.811334848403930664e-01,3.439198732376098633e-01,2.640338242053985596e-01
7.385631799697875977e-01,2.742655277252197266e-01,3.714781999588012695e-01,2.375460863113403320e-01
-4.067531228065490723e-01,6.499609947204589844e-01,-6.006411314010620117e-01,4.128572344779968262e-01
-2.571789622306823730e-01,8.597635030746459961e-01,-5.645776987075805664e-01,9.501259922981262207e-01
1.556826829910278320e-01,5.762016773223876953e-02,6.394982337951660156e-03,4.501422643661499023e-01
-1.210373044013977051e-01,9.329060316085815430e-01,-9.660961031913757324e-01,8.012652397155761719e-01
9.537539482116699219e-01,-6.087612509727478027e-01,6.004070043563842773e-01,5.516991615295410156e-01
7.528538703918457031e-01,4.239212274551391602e-01,3.337842226028442383e-01,9.603527188301086426e-01
-8.212505578994750977e-01,8.806638717651367188e-01,6.720983982086181641e-01,4.182273447513580322e-01
1.788442134857177734e-01,5.330511331558227539e-01,-8.497971296310424805e-02,9.508047699928283691e-01
-5.295686125755310059e-01,2.584564685821533203e-02,-7.594954967498779297e-02,5.174162983894348145e-01
-8.583875298500061035e-01,-1.082615256309509277e-01,-1.643513441085815430e-01,1.669721752405166626e-01
3.746402263641357422e-02,8.086581230163574219e-01,3.108863830566406250e-01,3.813506066799163818e-01
9.579557180404663086e-01,5.218772888183593750e-01,-4.559034109115600586e-02,1.598636656999588013e-01
-4.011909961700439453e-01,-3.624766469001770020e-01,-6.301301717758178711e-01,8.474670052528381348e-01
8.210045099258422852e-01,-8.594694137573242188e-01,-1.510192155838012695e-01,6.041946411132812500e-01
-5.199404954910278320e-01,8.924610614776611328e-01,1.333347558975219727e-01,9.852806925773620605e-01
7.999120950698852539e-01,-7.751784324645996094e-01,6.629328727722167969e-01,8.052016496658325195e-01
-4.638918042182922363e-01,5.901188850402832031e-01,5.295679569244384766e-01,2.384362816810607910e-01
-1.249969601631164551e-01,1.609492301940917969e-01,-1.262127161026000977e-01,8.901572823524475098e-01
2.335047721862792969e-02,5.765551328659057617e-01,-9.683513641357421875e-01,5.894046425819396973e-01
8.018598556518554688e-01,-5.531128644943237305e-01,-8.642121553421020508e-01,8.075712919235229492e-01
5.713030099868774414e-01,-7.682386040687561035e-01,2.004673480987548828e-01,2.863833904266357422e-01
4.069825410842895508e-01,3.618285655975341797e-01,-9.301710128784179688e-01,2.315286546945571899e-01
5.918257236480712891e-01,-9.976851940155029297e-02,-4.157347679138183594e-01,1.164243146777153015e-01
8.710345029830932617e-01,-8.714298605918884277e-01,-1.311540603637695312e-02,4.479106366634368896e-01
7.347990274429321289e-01,-6.210051774978637695e-01,-3.659993410110473633e-01,9.651941657066345215e-01
-2.984300255775451660e-01,6.215530633926391602e-01,-6.119442582130432129e-01,5.880854129791259766e-01
-6.912954449653625488e-01,1.407706737518310547e-02,-6.336008310317993164e-01,7.348872423171997070e-01
5.080504417419433594e-01,-3.128176927566528320e-01,6.565508842468261719e-01,1.799692958593368530e-01
6.510703563690185547e-01,-8.695725798606872559e-01,-1.351900696754455566e-01,4.889681637287139893e-01
-6.385809183120727539e-02,-1.634676456451416016e-01,9.550426006317138672e-01,9.499703049659729004e-01
-9.498398900032043457e-01,2.898418903350830078e-01,3.771256208419799805e-01,5.325695276260375977e-01
4.619282484054565430e-01,-8.132565021514892578e-02,8.677088022232055664e-01,5.409147143363952637e-01
9.752955436706542969e-01,9.118257761001586914e-01,8.879092931747436523e-01,8.485085517168045044e-02
-4.398974776268005371e-01,3.265627622604370117e-01,-1.157283782958984375e-02,6.645944714546203613e-01
-5.768188834190368652e-01,3.363705873489379883e-01,8.221514225006103516e-01,3.975046277046203613e-01
6.133806705474853516e-02,3.201472759246826172e-01,7.657464742660522461e-01,1.994711011648178101e-01
3.492670059204101562e-01,-2.416720986366271973e-01,1.477909088134765625e-01,9.832010269165039062e-01
1.882631778717041016e-01,3.164814710617065430e-01,-9.035025238990783691e-01,4.099437966942787170e-02
-1.063489913940429688e-02,-5.336826443672180176e-01,-1.052613258361816406e-01,1.890147291123867035e-02
5.582642555236816406e-01,5.550682544708251953e-01,-2.458946108818054199e-01,7.544891834259033203e-01
-5.676939487457275391e-01,7.698670625686645508e-01,4.205107688903808594e-01,2.872964739799499512e-01
-5.973241329193115234e-01,8.373433351516723633e-01,-1.542615890502929688e-02,8.084059357643127441e-01
6.423957347869873047e-01,2.924393415451049805e-01,7.899206876754760742e-01,7.999547123908996582e-01
-9.307168126106262207e-01,-9.781852960586547852e-01,7.307274341583251953e-01,5.826001763343811035e-01
-7.160431146621704102e-02,3.995877504348754883e-01,4.718208312988281250e-01,3.996372818946838379e-01
-3.293082118034362793e-01,6.457257270812988281e-02,-1.981649994850158691e-01,4.468777775764465332e-01
7.566776275634765625e-01,3.276028633117675781e-01,-4.404374361038208008e-01,3.329221308231353760e-01
-4.350324869155883789e-01,2.350151538848876953e-01,2.144640684127807617e-01,8.038496375083923340e-01
-3.697042465209960938e-01,-7.256215810775756836e-01,-7.928778529167175293e-01,5.257377028465270996e-01
-2.036148905754089355e-01,3.852877616882324219e-01,6.891970634460449219e-01,7.600713372230529785e-01
9.085144996643066406e-01,3.406670093536376953e-01,-8.055665493011474609e-01,8.509750962257385254e-01
2.511370182037353516e-01,3.716260194778442383e-01,-5.413748025894165039e-01,3.949700295925140381e-01
5.113813877105712891e-01,-3.006713390350341797e-01,-1.633146405220031738e-01,9.709185957908630371e-01
7.437068223953247070e-01,-3.603967428207397461e-01,-5.525982379913330078e-02,3.848797082901000977e-01
-8.696048259735107422e-01,-2.058482766151428223e-01,2.066090106964111328e-01,6.069247722625732422e-01
-5.409637093544006348e-01,-5.172964930534362793e-01,8.232717514038085938e-01,6.392509341239929199e-01
-3.896302580833435059e-01,1.785005331039428711e-01,8.051183223724365234e-01,3.271285593509674072e-01
6.304777860641479492e-01,-1.456469297409057617e-01,-2.280480265617370605e-01,3.532226085662841797e-01
-3.395409584045410156e-01,-1.612634062767028809e-01,-1.330825686454772949e-01,8.207211494445800781e-01
8.341609239578247070e-01,-3.711041808128356934e-01,6.496353149414062500e-01,1.926992684602737427e-01
-1.199793815612792969e-01,-4.648712873458862305e-01,7.210358381271362305e-01,2.434954196214675903e-01
-8.424279093742370605e-01,5.275450944900512695e-01,-5.738644599914550781e-01,4.432598948478698730e-01
9.619659185409545898e-01,-5.624645352363586426e-01,7.419263124465942383e-01,3.574470430612564087e-02
7.481133937835693359e-01,-6.860164403915405273e-01,2.312422990798950195e-01,2.152737379074096680e-01
1.867655515670776367e-01,8.926284313201904297e-01,-7.590523958206176758e-01,1.864784955978393555e-01
-5.438494682312011719e-02,-4.776984453201293945e-01,1.105070114135742188e-01,5.274925231933593750e-01
6.829952001571655273e-01,5.538439750671386719e-01,-8.016074299812316895e-01,9.563602209091186523e-01
-5.950189828872680664e-01,-2.461609840393066406e-01,-1.472902894020080566e-01,5.984070301055908203e-01
-2.534909844398498535e-01,-2.553461194038391113e-01,3.224146366119384766e-01,6.890212297439575195e-01
1.081203222274780273e-01,6.653484106063842773e-01,8.414893150329589844e-01,3.879055678844451904e-01
7.741315364837646484e-01,-5.872313976287841797e-01,-6.957131624221801758e-02,9.413602948188781738e-01
3.777843713760375977e-01,7.294621467590332031e-01,-3.563392758369445801e-01,6.193041205406188965e-01
-7.633205056190490723e-01,5.793855190277099609e-01,-4.882763624191284180e-01,7.297405600547790527e-01
4.627053737640380859e-01,6.644197702407836914e-01,-1.145364046096801758e-01,7.352159619331359863e-01
3.979429006576538086e-01,3.961962461471557617e-01,3.283425569534301758e-01,4.487847685813903809e-01
9.074398279190063477e-01,-5.459800958633422852e-01,4.890549182891845703e-01,5.278516411781311035e-01
2.701344490051269531e-01,7.142773866653442383e-01,-6.786956787109375000e-01,8.601509928703308105e-01
-7.418699264526367188e-01,-1.125382781028747559e-01,-6.278610229492187500e-01,9.199417233467102051e-01
-4.107492566108703613e-01,6.276310682296752930e-01,2.545058727264404297e-02,9.725659489631652832e-01
-2.083590626716613770e-01,-5.169461965560913086e-01,8.915425539016723633e-01,9.699066281318664551e-01
-9.492561817169189453e-01,6.732397079467773438e-01,-1.599686145782470703e-01,8.310172706842422485e-03
1.518976688385009766e-02,3.186273574829101562e-01,-4.575103521347045898e-01,2.840982675552368164e-01
7.748363018035888672e-01,-7.952380776405334473e-01,1.558353900909423828e-01,5.312148928642272949e-01
-6.965773105621337891e-01,9.355895519256591797e-01,-4.733943343162536621e-01,3.695878898724913597e-03
-9.876764416694641113e-01,-5.843338966369628906e-01,-5.407725572586059570e-01,1.942330747842788696e-01
8.480956554412841797e-01,-2.574691176414489746e-01,3.188309669494628906e-01,5.260465145111083984e-01
3.806568384170532227e-01,1.230560541152954102e-01,2.927023172378540039e-01,1.964700371026992798e-01
7.090058326721191406e-01,7.000707387924194336e-01,2.920593023300170898e-01,4.165133237838745117e-01
4.381200075149536133e-01,7.711974382400512695e-01,-3.829376697540283203e-01,2.888177148997783661e-02
3.571470975875854492e-01,9.752507209777832031e-01,6.487171649932861328e-01,6.869035959243774414e-02
-4.142604470252990723e-01,5.371153354644775391e-02,-9.613090753555297852e-01,8.098313808441162109e-01
5.970900058746337891e-01,-8.852053284645080566e-01,7.858545780181884766e-01,9.878551363945007324e-01
9.630079269409179688e-01,8.523931503295898438e-01,-3.222444057464599609e-01,2.149667739868164062e-01
6.228879690170288086e-01,2.889541387557983398e-01,6.504571437835693359e-01,2.820337712764739990e-01
7.098988294601440430e-01,-4.245179891586303711e-01,3.979160785675048828e-01,2.045296877622604370e-01
4.287958145141601562e-04,-1.178545951843261719e-01,-7.087491750717163086e-01,3.753986954689025879e-01
-7.021626234054565430e-01,-7.380295991897583008e-01,6.437422037124633789e-01,2.161377072334289551e-01
6.463899612426757812e-01,7.871961593627929688e-01,3.852523565292358398e-01,2.559416592121124268e-01
-7.072557210922241211e-01,-2.598910927772521973e-01,-4.410195350646972656e-01,7.910000681877136230e-01
6.144160032272338867e-01,-6.550029516220092773e-01,-8.801925778388977051e-01,9.580594301223754883e-01
-2.412031292915344238e-01,-6.843181848526000977e-01,5.323513746261596680e-01,6.863502413034439087e-02
2.018054723739624023e-01,-1.542437672615051270e-01,-8.791474699974060059e-01,8.130980730056762695e-01
1.548964977264404297e-01,-1.069722771644592285e-01,-9.784204959869384766e-01,2.625747323036193848e-01
1.965012550354003906e-01,7.509112358093261719e-03,6.390881538391113281e-02,3.200644254684448242e-01
8.097215890884399414e-01,-2.911009788513183594e-01,-7.943880558013916016e-02,4.841493070125579834e-01
5.064513683319091797e-01,8.544464111328125000e-01,8.937599658966064453e-01,4.218111336231231689e-01
-2.064621448516845703e-02,6.971445083618164062e-01,1.942282915115356445e-01,1.377461850643157959e-01
6.068818569183349609e-01,8.547793626785278320e-01,-7.353347539901733398e-01,6.885879486799240112e-02
7.790063619613647461e-01,-2.826894521713256836e-01,-3.484546542167663574e-01,8.308761119842529297e-01
8.028836250305175781e-01,2.788827419281005859e-01,-2.434837222099304199e-01,1.525612473487854004e-01
2.492817640304565430e-01,7.916842699050903320e-01,2.140676975250244141e-02,2.057811021804809570e-01
8.399370908737182617e-01,-4.607313275337219238e-01,-5.730841159820556641e-01,3.084715604782104492e-01
-2.001679539680480957e-01,9.662014245986938477e-01,9.817013740539550781e-01,5.802877545356750488e-01
-6.746506690979003906e-01,-5.827507972717285156e-01,9.570555686950683594e-01,2.855961918830871582e-01
1.780226230621337891e-01,-7.352201342582702637e-01,3.979334831237792969e-01,6.498706340789794922e-01
3.991705179214477539e-01,5.090869665145874023e-01,4.357168674468994141e-01,9.163718223571777344e-01
5.983221530914306641e-01,-3.381114006042480469e-01,1.311511993408203125e-01,3.151850029826164246e-02
4.525653123855590820e-01,6.374405622482299805e-01,-9.227635860443115234e-01,8.688496351242065430e-01
5.897116661071777344e-01,7.950282096862792969e-02,-6.895580887794494629e-01,1.081417724490165710e-01
8.822369575500488281e-01,-7.212241888046264648e-01,-5.640510320663452148e-01,6.457529067993164062e-01
-5.994430780410766602e-01,-6.223696470260620117e-02,6.284421682357788086e-01,3.755145668983459473e-01
5.923112630844116211e-01,8.869717121124267578e-01,1.642668247222900391e-02,6.858368963003158569e-02
9.347155094146728516e-01,3.368970155715942383e-01,-7.702234387397766113e-01,9.217982888221740723e-01
6.906431913375854492e-01,1.093983650207519531e-02,1.765439510345458984e-01,2.575017511844635010e-01
-8.641414046287536621e-01,-9.971666336059570312e-02,2.973262071609497070e-01,9.429345726966857910e-01
-4.569199085235595703e-01,6.191265583038330078e-02,-7.984674572944641113e-01,3.330468237400054932e-01
6.401814222335815430e-01,-6.696369647979736328e-01,9.483754634857177734e-01,7.309458255767822266e-01
-3.903194665908813477e-01,-7.723881602287292480e-01,4.565557241439819336e-01,2.448414862155914307e-01
1.447043418884277344e-01,-4.581345319747924805e-01,1.650148630142211914e-01,5.259734392166137695e-01
8.491430282592773438e-01,2.620633840560913086e-01,7.354533672332763672e-01,5.407122373580932617e-01
-1.179070472717285156e-01,-5.941876769065856934e-01,1.586446762084960938e-01,9.410941042006015778e-03
1.118203401565551758e-01,8.154559135437011719e-01,9.842276573181152344e-02,2.925489842891693115e-02
-9.400010704994201660e-01,-9.212258458137512207e-01,-1.690727472305297852e-01,7.974736392498016357e-02
-1.361115574836730957e-01,3.730690479278564453e-02,4.815225601196289062e-01,3.284987807273864746e-01
-5.838356018066406250e-01,-6.506021022796630859e-01,-7.698726654052734375e-01,7.030215859413146973e-02
-3.294177055358886719e-01,-1.855760812759399414e-02,-5.684002637863159180e-01,4.849805533885955811e-01
-8.269512653350830078e-01,2.607572078704833984e-01,9.274798631668090820e-01,8.902163505554199219e-01
-4.296565055847167969e-01,5.725687742233276367e-01,2.845338582992553711e-01,3.376035988330841064e-01
-4.835069179534912109e-03,-5.876669883728027344e-01,-2.054769396781921387e-01,8.648785352706909180e-01
-4.991121292114257812e-01,-6.197787523269653320e-01,-6.210066080093383789e-01,4.477748274803161621e-01
9.071762561798095703e-01,2.932057380676269531e-01,8.475124835968017578e-02,9.669032096862792969e-01
2.725658416748046875e-01,-3.000975847244262695e-01,3.145031929016113281e-01,2.917001247406005859e-01
8.412636518478393555e-01,7.693763971328735352e-01,9.955843687057495117e-01,4.635921493172645569e-02
3.098540306091308594e-01,1.762336492538452148e-01,-3.979461789131164551e-01,5.046585798263549805e-01
-4.328566789627075195e-02,-8.731250166893005371e-01,9.583257436752319336e-01,9.480535387992858887e-01
-1.620256304740905762e-01,1.798937320709228516e-01,-9.213501214981079102e-02,4.549647569656372070e-01
9.237490892410278320e-01,-5.366552472114562988e-01,-2.108194828033447266e-01,6.991936564445495605e-01
3.880679607391357422e-02,-7.929230928421020508e-01,7.295898199081420898e-01,5.007528662681579590e-01
-4.913085103034973145e-01,-8.047321438789367676e-01,6.370021104812622070e-01,3.750386834144592285e-02
-2.307558655738830566e-01,2.752375602722167969e-01,3.206876516342163086e-01,5.252692848443984985e-02
-3.028658628463745117e-01,3.092609643936157227e-01,-2.517910003662109375e-01,9.616330862045288086e-01
-2.525466680526733398e-02,-7.285435199737548828e-01,1.385799646377563477e-01,6.115154027938842773e-01
-7.146166563034057617e-01,-6.807457208633422852e-01,4.346044063568115234e-01,8.269783258438110352e-01
6.795858144760131836e-01,-1.975973844528198242e-01,-4.627897739410400391e-01,8.746325373649597168e-01
1.826440095901489258e-01,-4.051610827445983887e-01,-2.920365929603576660e-01,4.709963873028755188e-02
7.563591003417968750e-03,-5.054522752761840820e-01,-3.473120927810668945e-02,6.047331690788269043e-01
9.610066413879394531e-01,3.176021575927734375e-02,8.892178535461425781e-01,5.403230190277099609e-01
8.838579654693603516e-01,-5.360403060913085938e-01,1.252876520156860352e-01,5.034645199775695801e-01
6.336599588394165039e-01,1.436618566513061523e-01,-8.824802637100219727e-01,7.139514684677124023e-01
6.181802749633789062e-01,5.440924167633056641e-01,-4.069708585739135742e-01,1.126881688833236694e-01
1.250995397567749023e-01,5.116240978240966797e-01,6.919180154800415039e-01,4.727728664875030518e-01
-9.306519031524658203e-01,-6.022192239761352539e-01,-8.742586374282836914e-01,4.161421358585357666e-01
-6.508913040161132812e-01,-6.958067417144775391e-01,-3.014847636222839355e-01,7.789694070816040039e-01
3.247556686401367188e-01,5.153347253799438477e-01,4.350614547729492188e-02,6.484774351119995117e-01
-3.447530865669250488e-01,-7.003386020660400391e-01,8.086411952972412109e-01,8.733866363763809204e-02
-5.898636579513549805e-01,7.948850393295288086e-01,-1.377449631690979004e-01,1.896009296178817749e-01
-1.545408964157104492e-01,-8.269557952880859375e-01,8.216310739517211914e-01,6.854729652404785156e-01
6.813606023788452148e-01,1.602222919464111328e-01,8.034223318099975586e-01,4.399230703711509705e-02
-4.230263829231262207e-01,-6.211594939231872559e-01,-2.040315866470336914e-01,5.002926588058471680e-01
1.343314647674560547e-01,-3.408171534538269043e-01,-8.593279123306274414e-01,3.966176807880401611e-01
-7.821277379989624023e-01,-3.188199996948242188e-01,9.322803020477294922e-01,1.237753406167030334e-01
-2.381402254104614258e-02,-9.616624712944030762e-01,-7.442883253097534180e-01,6.378008425235748291e-02
-8.484836220741271973e-01,-2.657839655876159668e-01,-1.985095739364624023e-01,5.100595578551292419e-02
-3.480130434036254883e-02,-2.771625518798828125e-01,6.725733280181884766e-01,6.633505970239639282e-02
-7.347037792205810547e-01,-7.228860259056091309e-01,6.509066820144653320e-01,5.256422162055969238e-01
4.241323471069335938e-02,2.442903518676757812e-01,-1.650129556655883789e-01,8.204303681850433350e-02
-2.766909599304199219e-01,3.987935781478881836e-01,2.403047084808349609e-01,6.545913219451904297e-01
-2.215186953544616699e-01,8.814561367034912109e-02,-5.785069465637207031e-01,2.599072456359863281e-01
2.470612525939941406e-03,-2.286718487739562988e-01,-1.821098923683166504e-01,6.567967534065246582e-01
4.716655015945434570e-01,6.405591964721679688e-02,-9.630582332611083984e-01,3.132781088352203369e-01
-2.009624242782592773e-02,4.464683532714843750e-01,4.582202434539794922e-01,6.679403781890869141e-01
-2.041563391685485840e-01,-8.933250904083251953e-01,6.684448719024658203e-01,6.587703227996826172e-01
